time,speed,latitude,longitude
03/02/2019_18:47:38,1.8,42.99489285,-81.26324746666667
03/02/2019_18:47:40,2.1,42.994887,-81.26324396666666
03/02/2019_18:47:45,2.3,42.99488278333333,-81.26323131666666
03/02/2019_18:47:46,2.5,42.99488478333333,-81.2632024
03/02/2019_18:47:48,2.6,42.99489208333333,-81.26319993333334
03/02/2019_18:47:50,2.0,42.9949027,-81.26319775
03/02/2019_18:47:52,1.4,42.994904383333335,-81.2632049
03/02/2019_18:47:54,1.1,42.994895983333336,-81.26321325
03/02/2019_18:47:56,1.0,42.9948805,-81.26323891666667
03/02/2019_18:47:58,2.4,42.99487826666667,-81.26324556666667
03/02/2019_18:48:00,2.5,42.9948837,-81.26323398333334
03/02/2019_18:48:02,1.2,42.994881666666664,-81.26321811666666
03/02/2019_18:48:04,3.1,42.99488,-81.26320238333334
03/02/2019_18:48:06,3.8,42.99487893333333,-81.26318256666667
03/02/2019_18:48:08,3.6,42.99486595,-81.26316918333333
03/02/2019_18:48:10,3.4,42.994862766666664,-81.26316293333333
03/02/2019_18:48:12,1.7,42.99487775,-81.26317225
03/02/2019_18:48:14,0.1,42.994890516666665,-81.26318391666666
03/02/2019_18:48:16,0.0,42.99489235,-81.26318466666666
03/02/2019_18:48:18,0.2,42.99489305,-81.26318498333333
03/02/2019_18:48:20,0.0,42.994894,-81.26318566666667
03/02/2019_18:48:22,0.2,42.99489465,-81.2631857
03/02/2019_18:48:24,0.0,42.994896233333336,-81.26318623333333
03/02/2019_18:48:26,0.0,42.99489716666667,-81.2631865
03/02/2019_18:48:28,0.2,42.99489723333333,-81.26318645
03/02/2019_18:48:30,0.9,42.99490095,-81.26318796666666
03/02/2019_18:48:32,0.9,42.99490601666667,-81.26318588333334
03/02/2019_18:48:34,0.9,42.99490601666667,-81.26318588333334
03/02/2019_18:48:36,0.9,42.99490601666667,-81.26318588333334
03/02/2019_18:48:38,0.9,42.99490601666667,-81.26318588333334
03/02/2019_18:48:40,0.9,42.99490601666667,-81.26318588333334
03/02/2019_18:48:42,0.9,42.99490601666667,-81.26318588333334
03/02/2019_18:48:44,0.9,42.99490601666667,-81.26318588333334
03/02/2019_18:48:46,0.9,42.99490601666667,-81.26318588333334
03/02/2019_18:48:48,0.9,42.99490601666667,-81.26318588333334
03/02/2019_18:48:50,0.9,42.99490601666667,-81.26318588333334
03/02/2019_18:48:52,0.9,42.99490601666667,-81.26318588333334
03/02/2019_18:48:54,2.6,42.9949356,-81.26313283333333
03/02/2019_18:48:56,3.3,42.9949464,-81.26322938333334
03/02/2019_18:48:58,2.3,42.9949383,-81.26326691666667
03/02/2019_18:49:00,1.8,42.994941266666665,-81.26327258333333
03/02/2019_18:49:02,2.1,42.994930133333334,-81.2633121
03/02/2019_18:49:04,2.1,42.9949332,-81.2633287
03/02/2019_18:49:06,1.3,42.99497306666667,-81.26331363333334
03/02/2019_18:49:08,1.1,42.99497085,-81.2633004
03/02/2019_18:49:10,0.0,42.99498655,-81.2632871
03/02/2019_18:49:12,0.8,42.99498581666667,-81.26328838333333
03/02/2019_18:49:14,0.1,42.99498473333333,-81.26329126666667
03/02/2019_18:49:16,2.1,42.99498145,-81.26329615
03/02/2019_18:49:18,0.1,42.99496166666667,-81.26329503333334
03/02/2019_18:49:20,0.1,42.99493985,-81.26329511666667
03/02/2019_18:49:22,0.1,42.99493808333333,-81.26329525
03/02/2019_18:49:24,1.0,42.99493701666667,-81.26329551666667
03/02/2019_18:49:26,0.5,42.99492838333333,-81.26329491666667
03/02/2019_18:49:28,0.4,42.994918766666665,-81.2632977
03/02/2019_18:49:30,0.3,42.99491628333333,-81.26329318333333
03/02/2019_18:49:32,0.0,42.99490845,-81.26328748333333
03/02/2019_18:49:34,0.0,42.99490781666667,-81.2632864
03/02/2019_18:49:36,0.0,42.994907616666666,-81.263286
03/02/2019_18:49:38,0.4,42.99490281666667,-81.26327451666667
03/02/2019_18:49:40,0.6,42.99490196666667,-81.26325675
03/02/2019_18:49:42,0.5,42.994902683333336,-81.26324448333334
03/02/2019_18:49:44,0.1,42.99490455,-81.26322835
03/02/2019_18:49:46,0.4,42.99490358333333,-81.26322848333334
03/02/2019_18:49:48,1.0,42.99490376666667,-81.2632267
03/02/2019_18:49:50,1.4,42.99490911666667,-81.26323331666667
03/02/2019_18:49:52,0.9,42.994917783333335,-81.26323371666666
03/02/2019_18:49:54,0.8,42.99492333333333,-81.26323403333333
03/02/2019_18:49:56,0.8,42.994928816666665,-81.26323281666667
03/02/2019_18:49:58,0.1,42.99493041666667,-81.263223
03/02/2019_18:50:00,0.2,42.994939,-81.26323135
03/02/2019_18:50:02,0.2,42.994941616666665,-81.26322926666667
03/02/2019_18:50:04,0.1,42.99494298333333,-81.26322975
03/02/2019_18:50:06,0.0,42.99494266666667,-81.2632301
03/02/2019_18:50:08,0.8,42.99493925,-81.2632238
03/02/2019_18:50:10,0.2,42.99494176666666,-81.26321818333334
03/02/2019_18:50:12,0.2,42.99494283333333,-81.26321866666666
03/02/2019_18:50:14,0.0,42.994942783333336,-81.26321815
03/02/2019_18:50:16,0.0,42.9949436,-81.26321813333334
03/02/2019_18:50:18,0.0,42.994943983333336,-81.26321773333333
03/02/2019_18:50:20,0.0,42.9949444,-81.26321696666666
03/02/2019_18:50:22,0.1,42.99494438333333,-81.2632164
03/02/2019_18:50:24,0.1,42.994944733333334,-81.26321521666667
03/02/2019_18:50:26,0.1,42.99494516666667,-81.26321426666667
03/02/2019_18:50:28,0.0,42.99494551666667,-81.26321303333333
03/02/2019_18:50:30,0.1,42.99494536666667,-81.26321203333333
03/02/2019_18:50:32,0.2,42.99494583333333,-81.26321108333333
03/02/2019_18:50:34,0.1,42.994946133333336,-81.26321045
03/02/2019_18:50:36,0.5,42.99494625,-81.26321043333333
03/02/2019_18:50:38,0.0,42.9949409,-81.26320838333334
03/02/2019_18:50:40,0.1,42.99493901666666,-81.26321401666667
03/02/2019_18:50:42,0.5,42.9949415,-81.26321401666667
03/02/2019_18:50:44,0.6,42.99494216666667,-81.26321601666666
03/02/2019_18:50:46,1.1,42.994938133333335,-81.26322603333334
03/02/2019_18:50:48,0.0,42.99493463333334,-81.26323468333334
03/02/2019_18:50:50,0.1,42.994934816666664,-81.26323445
03/02/2019_18:50:52,0.0,42.99493465,-81.26323435
03/02/2019_18:50:54,0.3,42.99493261666667,-81.26323971666666
03/02/2019_18:50:56,0.2,42.99493321666667,-81.26323961666667
03/02/2019_18:50:58,1.3,42.99493291666667,-81.26323956666667
03/02/2019_18:51:00,1.8,42.99494263333333,-81.26324585
03/02/2019_18:51:02,2.1,42.99494871666667,-81.26324633333333
03/02/2019_18:51:04,1.3,42.99495641666667,-81.26325125
03/02/2019_18:51:06,0.2,42.99496631666667,-81.26324463333333
03/02/2019_18:51:08,2.2,42.99497676666667,-81.26324065
03/02/2019_18:51:10,1.8,42.994981333333335,-81.26324386666667
03/02/2019_18:51:12,1.4,42.99498741666667,-81.26326358333333
03/02/2019_18:51:14,1.4,42.9949852,-81.2632715
03/02/2019_18:51:16,2.4,42.994984366666664,-81.26328193333333
03/02/2019_18:51:18,3.2,42.9949901,-81.2632941
03/02/2019_18:51:20,1.9,42.99500211666667,-81.26331371666667
03/02/2019_18:51:22,0.8,42.9950078,-81.263324
03/02/2019_18:51:24,0.1,42.99501266666667,-81.2633383
03/02/2019_18:51:26,0.7,42.9950108,-81.2633486
03/02/2019_18:51:28,2.3,42.99500496666667,-81.2633749
03/02/2019_18:51:30,1.8,42.99500175,-81.26338576666667
03/02/2019_18:51:32,1.2,42.99499983333333,-81.26339623333334
03/02/2019_18:51:34,1.2,42.99499695,-81.26340203333334
03/02/2019_18:51:36,0.2,42.994995583333335,-81.263393
03/02/2019_18:51:38,1.0,42.994999283333335,-81.2633867
03/02/2019_18:51:40,0.8,42.99500075,-81.26338916666667
03/02/2019_18:51:42,0.1,42.99501005,-81.26338106666667
03/02/2019_18:51:44,0.2,42.99500991666667,-81.26337915
03/02/2019_18:51:46,0.1,42.99500858333333,-81.26337846666667
03/02/2019_18:51:48,0.2,42.995008066666664,-81.26337771666667
03/02/2019_18:51:50,0.8,42.99500785,-81.2633805
03/02/2019_18:51:52,1.2,42.99500508333333,-81.26337083333334
03/02/2019_18:51:54,0.1,42.99499225,-81.26337168333333
03/02/2019_18:51:56,0.5,42.99498875,-81.26337676666667
03/02/2019_18:51:58,0.7,42.994989333333336,-81.26336576666667
03/02/2019_18:52:00,1.0,42.99499041666667,-81.26337275
03/02/2019_18:52:02,1.4,42.99498921666667,-81.26338231666666
03/02/2019_18:52:04,0.2,42.99498385,-81.26339021666666
03/02/2019_18:52:06,0.2,42.9949821,-81.26339703333333
03/02/2019_18:52:08,0.8,42.994984216666666,-81.26338918333333
03/02/2019_18:52:10,0.1,42.99498238333334,-81.2633648
03/02/2019_18:52:12,0.2,42.99498103333333,-81.26336223333334
03/02/2019_18:52:14,0.1,42.99497958333333,-81.26336096666667
03/02/2019_18:52:16,0.0,42.99497915,-81.26336011666666
03/02/2019_18:52:18,0.1,42.9949789,-81.2633597
03/02/2019_18:52:20,0.0,42.9949786,-81.26335966666667
03/02/2019_18:52:22,0.1,42.99497771666667,-81.26335976666667
03/02/2019_18:52:24,0.1,42.994977133333336,-81.26335928333333
03/02/2019_18:52:26,0.1,42.994976816666664,-81.26335861666666
03/02/2019_18:52:28,0.7,42.99497841666667,-81.26335381666667
03/02/2019_18:52:30,1.3,42.99497636666667,-81.26335063333333
03/02/2019_18:52:32,0.8,42.99496821666666,-81.26334871666667
03/02/2019_18:52:34,0.1,42.99495935,-81.26334086666667
03/02/2019_18:52:36,0.6,42.994948083333334,-81.26333041666666
03/02/2019_18:52:38,1.0,42.994946383333335,-81.26332156666666
03/02/2019_18:52:40,1.1,42.99494923333334,-81.26331648333333
03/02/2019_18:52:42,0.6,42.994947483333334,-81.26331568333333
03/02/2019_18:52:44,0.6,42.994946533333334,-81.26331343333334
03/02/2019_18:52:46,0.7,42.99494668333333,-81.26330778333333
03/02/2019_18:52:48,0.2,42.99494318333333,-81.26330698333334
03/02/2019_18:52:50,0.5,42.99494191666667,-81.2633058
03/02/2019_18:52:52,0.7,42.994940983333336,-81.2633044
03/02/2019_18:52:54,2.2,42.9949352,-81.26329893333333
03/02/2019_18:52:56,1.5,42.9949296,-81.26329323333333
03/02/2019_18:52:58,1.8,42.994928,-81.26328603333333
03/02/2019_18:53:00,0.9,42.99492563333333,-81.26327728333334
03/02/2019_18:53:02,0.5,42.99492016666667,-81.26327171666667
03/02/2019_18:53:04,0.1,42.9949184,-81.2632707
03/02/2019_18:53:06,1.5,42.99492165,-81.26326846666667
03/02/2019_18:53:08,1.3,42.99491523333333,-81.26325623333334
03/02/2019_18:53:10,0.9,42.994909283333335,-81.26324458333333
03/02/2019_18:53:12,0.1,42.9949089,-81.26324255
03/02/2019_18:53:14,0.0,42.99490835,-81.26324198333333
03/02/2019_18:53:16,0.1,42.994907266666665,-81.26324165
03/02/2019_18:53:18,0.6,42.99490616666667,-81.26324038333334
03/02/2019_18:53:20,0.1,42.994903683333334,-81.26323795
03/02/2019_18:53:22,0.1,42.99490238333333,-81.2632316
03/02/2019_18:53:24,0.1,42.99490225,-81.26323
03/02/2019_18:53:26,0.1,42.99490273333333,-81.26322948333333
03/02/2019_18:53:28,0.1,42.99490311666667,-81.26322888333333
03/02/2019_18:53:30,2.2,42.9949018,-81.26322178333334
03/02/2019_18:53:32,0.2,42.99489445,-81.2631994
03/02/2019_18:53:34,0.1,42.9948921,-81.26315793333333
03/02/2019_18:53:36,0.1,42.994890033333334,-81.2631535
03/02/2019_18:53:38,0.1,42.99488863333333,-81.26315248333333
03/02/2019_18:53:40,0.0,42.994887633333335,-81.26315363333333
03/02/2019_18:53:42,0.1,42.99488698333333,-81.26315418333333
03/02/2019_18:53:44,0.1,42.99488651666667,-81.26315506666667
03/02/2019_18:53:46,0.1,42.9948861,-81.26315541666666
03/02/2019_18:53:48,0.1,42.99488576666667,-81.26315555
03/02/2019_18:53:50,1.3,42.9948858,-81.26315635
03/02/2019_18:53:52,0.0,42.994885116666666,-81.2631564
03/02/2019_18:53:54,0.1,42.994884983333336,-81.26315618333334
03/02/2019_18:53:56,0.1,42.994885616666664,-81.26315646666667
03/02/2019_18:53:58,0.2,42.994886816666664,-81.26315698333333
03/02/2019_18:54:00,0.1,42.99488888333333,-81.26315743333333
03/02/2019_18:54:02,0.2,42.99489033333333,-81.26315805
03/02/2019_18:54:04,0.1,42.99489075,-81.26316753333333
03/02/2019_18:54:06,2.4,42.99490168333333,-81.26316181666667
03/02/2019_18:54:08,3.4,42.994912033333335,-81.2631552
03/02/2019_18:54:10,3.4,42.994917666666666,-81.26313865
03/02/2019_18:54:12,3.2,42.994920783333335,-81.26312515
03/02/2019_18:54:14,3.3,42.99494375,-81.26311888333333
03/02/2019_18:54:16,3.9,42.99497231666667,-81.26314648333333
03/02/2019_18:54:18,2.6,42.995008633333335,-81.26317083333333
03/02/2019_18:54:20,1.5,42.99502523333334,-81.26318198333334
03/02/2019_18:54:22,0.2,42.99503481666667,-81.26318623333333
03/02/2019_18:54:24,0.9,42.99503625,-81.26318768333333
03/02/2019_18:54:26,0.8,42.99503753333333,-81.2631881
03/02/2019_18:54:28,1.6,42.99503975,-81.26318721666667
03/02/2019_18:54:30,2.3,42.99503936666667,-81.2631926
03/02/2019_18:54:32,3.3,42.99504423333333,-81.26320465
03/02/2019_18:54:34,3.1,42.99505956666667,-81.26321156666667
03/02/2019_18:54:36,3.0,42.9950686,-81.26321866666666
03/02/2019_18:54:38,3.2,42.99507796666666,-81.2632333
03/02/2019_18:54:40,3.1,42.99508676666667,-81.26323491666666
03/02/2019_18:54:42,3.1,42.99509081666667,-81.26322386666666
03/02/2019_18:54:44,1.9,42.9951141,-81.26323026666667
03/02/2019_18:54:46,3.2,42.995119466666665,-81.26320983333333
03/02/2019_18:54:48,2.9,42.99513243333333,-81.26322026666666
03/02/2019_18:54:50,2.8,42.99515413333334,-81.26321993333333
03/02/2019_18:54:52,3.1,42.99517981666666,-81.2632366
03/02/2019_18:54:54,3.4,42.99520411666666,-81.26325283333334
03/02/2019_18:54:56,3.4,42.99523405,-81.26326156666667
03/02/2019_18:54:58,3.8,42.99526253333333,-81.2632797
03/02/2019_18:55:00,4.0,42.9952904,-81.26329886666667
03/02/2019_18:55:02,4.0,42.99531845,-81.26330291666666
03/02/2019_18:55:04,4.0,42.9953421,-81.26331416666666
03/02/2019_18:55:06,4.0,42.99537063333333,-81.26332215
03/02/2019_18:55:08,4.0,42.9953859,-81.26332671666667
03/02/2019_18:55:10,4.4,42.99540055,-81.26333105
03/02/2019_18:55:12,4.4,42.99544061666667,-81.26334796666667
03/02/2019_18:55:14,4.5,42.99547998333333,-81.2633597
03/02/2019_18:55:16,4.3,42.99552675,-81.26337595
03/02/2019_18:55:18,4.0,42.99555885,-81.26339005
03/02/2019_18:55:20,4.0,42.99557288333333,-81.26339148333334
03/02/2019_18:55:22,4.2,42.99560868333333,-81.26342485
03/02/2019_18:55:24,4.5,42.99563605,-81.26344385
03/02/2019_18:55:26,4.6,42.99566335,-81.26345501666667
03/02/2019_18:55:28,4.6,42.995689133333336,-81.26346213333333
03/02/2019_18:55:30,4.7,42.99570245,-81.26346295
03/02/2019_18:55:32,4.5,42.99572378333333,-81.26347831666666
03/02/2019_18:55:34,2.6,42.9957379,-81.26349685
03/02/2019_18:55:36,1.5,42.995750783333335,-81.26351448333334
03/02/2019_18:55:38,0.1,42.9957556,-81.26351711666666
03/02/2019_18:55:40,0.0,42.99575935,-81.2635177
03/02/2019_18:55:42,0.0,42.99575935,-81.26351798333333
03/02/2019_18:55:44,1.0,42.995778666666666,-81.26352221666667
03/02/2019_18:55:46,0.1,42.995790166666666,-81.26353713333333
03/02/2019_18:55:48,0.1,42.99579696666667,-81.26353658333333
03/02/2019_18:55:50,1.7,42.995796383333335,-81.2635371
03/02/2019_18:55:52,3.7,42.99580051666667,-81.26355235
03/02/2019_18:55:54,1.8,42.9958136,-81.2635666
03/02/2019_18:55:56,1.7,42.99581538333333,-81.26358066666667
03/02/2019_18:55:58,2.4,42.9958322,-81.2635864
03/02/2019_18:56:00,2.2,42.99584921666667,-81.26360366666667
03/02/2019_18:56:02,2.4,42.9958592,-81.26361108333333
03/02/2019_18:56:04,1.9,42.99587871666667,-81.26361583333333
03/02/2019_18:56:06,2.4,42.9958911,-81.26361215
03/02/2019_18:56:08,3.4,42.99590343333333,-81.26361941666667
03/02/2019_18:56:10,3.0,42.9959144,-81.26362708333333
03/02/2019_18:56:12,1.9,42.99593075,-81.26363876666667
03/02/2019_18:56:14,1.5,42.99593348333333,-81.26363598333333
03/02/2019_18:56:16,1.5,42.99593301666667,-81.26365183333333
03/02/2019_18:56:18,2.3,42.99592208333333,-81.26368826666666
03/02/2019_18:56:20,3.3,42.99591233333334,-81.26370141666666
03/02/2019_18:56:22,3.1,42.995903383333335,-81.26372795
03/02/2019_18:56:24,0.1,42.995904833333334,-81.26375108333333
03/02/2019_18:56:26,0.1,42.995906866666665,-81.26376326666667
03/02/2019_18:56:28,1.0,42.995906483333336,-81.26377265
03/02/2019_18:56:30,1.2,42.99591126666667,-81.26377073333333
03/02/2019_18:56:32,0.8,42.99591721666667,-81.2637729
03/02/2019_18:56:34,1.0,42.99591658333333,-81.26377801666666
03/02/2019_18:56:36,3.1,42.995913683333335,-81.26378586666667
03/02/2019_18:56:38,4.1,42.99590725,-81.26382231666666
03/02/2019_18:56:40,1.7,42.99590505,-81.26387071666667
03/02/2019_18:56:42,1.2,42.995905433333334,-81.26388303333333
03/02/2019_18:56:44,0.9,42.995904466666666,-81.26390078333333
03/02/2019_18:56:46,0.8,42.99590575,-81.26390335
03/02/2019_18:56:48,0.2,42.99590108333334,-81.26391205
03/02/2019_18:56:50,0.5,42.9958969,-81.26393318333334
03/02/2019_18:56:52,0.9,42.9958976,-81.26393845
03/02/2019_18:56:54,0.1,42.995903383333335,-81.26395548333333
03/02/2019_18:56:56,0.0,42.99591508333334,-81.26395718333333
03/02/2019_18:56:58,0.2,42.995915733333334,-81.26396041666666
03/02/2019_18:57:00,0.0,42.9959176,-81.26396316666667
03/02/2019_18:57:02,0.2,42.99591985,-81.26396475
03/02/2019_18:57:04,1.4,42.99592151666667,-81.26396178333333
03/02/2019_18:57:06,1.8,42.99593505,-81.26398561666667
03/02/2019_18:57:08,1.9,42.995939666666665,-81.26398983333333
03/02/2019_18:57:10,2.0,42.9959431,-81.26399273333334
03/02/2019_18:57:12,2.1,42.99596341666667,-81.2640213
03/02/2019_18:57:14,2.6,42.995984316666664,-81.26404693333333
03/02/2019_18:57:16,1.4,42.99602168333333,-81.26405581666667
03/02/2019_18:57:18,1.4,42.996050483333335,-81.26403938333333
03/02/2019_18:57:20,3.7,42.99608261666667,-81.264063
03/02/2019_18:57:22,1.5,42.9961217,-81.26407663333333
03/02/2019_18:57:24,2.1,42.996144916666665,-81.2640937
03/02/2019_18:57:26,3.3,42.99616835,-81.2641168
03/02/2019_18:57:28,2.7,42.99616746666667,-81.26412823333334
03/02/2019_18:57:30,3.8,42.996225,-81.26413458333333
03/02/2019_18:57:32,4.3,42.996254816666664,-81.26417398333334
03/02/2019_18:57:34,4.3,42.9963234,-81.26420631666667
03/02/2019_18:57:36,4.2,42.99632201666667,-81.26422283333333
03/02/2019_18:57:38,4.2,42.99637236666667,-81.26423435
03/02/2019_18:57:40,4.0,42.9964364,-81.26423328333334
03/02/2019_18:57:42,3.9,42.99646833333333,-81.26423285
03/02/2019_18:57:44,3.7,42.9964813,-81.26422616666666
03/02/2019_18:57:46,3.7,42.99651206666667,-81.26423766666667
03/02/2019_18:57:48,2.3,42.99654325,-81.2642517
03/02/2019_18:57:50,1.2,42.996558783333334,-81.26425733333333
03/02/2019_18:57:52,2.3,42.996578533333334,-81.26425663333333
03/02/2019_18:57:54,2.5,42.996608583333334,-81.2642549
03/02/2019_18:57:56,2.9,42.996659666666666,-81.26426306666667
03/02/2019_18:57:58,2.6,42.99669016666667,-81.26425718333333
03/02/2019_18:58:00,2.5,42.996718466666664,-81.26426153333334
03/02/2019_18:58:02,1.0,42.99674865,-81.26425308333333
03/02/2019_18:58:04,0.1,42.99675141666667,-81.26424298333333
03/02/2019_18:58:06,0.1,42.9967529,-81.26424151666667
03/02/2019_18:58:08,2.6,42.99676005,-81.26424685
03/02/2019_18:58:10,3.0,42.996778133333336,-81.2642611
03/02/2019_18:58:12,4.0,42.996798283333334,-81.26427741666667
03/02/2019_18:58:14,4.8,42.996828083333334,-81.26429371666667
03/02/2019_18:58:16,5.2,42.9968688,-81.26431178333333
03/02/2019_18:58:18,5.4,42.996906833333334,-81.26433353333333
03/02/2019_18:58:20,5.3,42.996937683333336,-81.26434353333333
03/02/2019_18:58:22,5.1,42.99694266666667,-81.26434458333334
03/02/2019_18:58:24,4.8,42.99695465,-81.26434968333334
03/02/2019_18:58:26,4.5,42.99697785,-81.2643473
03/02/2019_18:58:28,4.2,42.997019216666665,-81.26434271666666
03/02/2019_18:58:30,4.0,42.99703855,-81.26434251666667
03/02/2019_18:58:32,4.0,42.997077833333336,-81.26433546666667
03/02/2019_18:58:34,4.3,42.99709308333333,-81.26434268333334
03/02/2019_18:58:36,4.5,42.997148933333335,-81.26432336666667
03/02/2019_18:58:38,4.7,42.99716996666667,-81.26433495
03/02/2019_18:58:40,4.7,42.997189533333334,-81.26433686666667
03/02/2019_18:58:42,5.0,42.997236533333336,-81.26432836666666
03/02/2019_18:58:44,4.9,42.99728923333333,-81.26430543333333
03/02/2019_18:58:46,4.8,42.99734005,-81.26427091666666
03/02/2019_18:58:48,4.7,42.99738253333334,-81.26425063333333
03/02/2019_18:58:50,4.5,42.99739031666667,-81.26424111666667
03/02/2019_18:58:52,4.3,42.997431883333334,-81.26422666666667
03/02/2019_18:58:54,4.3,42.99744878333333,-81.26421266666667
03/02/2019_18:58:56,4.2,42.9974817,-81.26419761666666
03/02/2019_18:58:58,4.2,42.997492,-81.26419451666666
03/02/2019_18:59:00,4.1,42.99751788333333,-81.26421391666666
03/02/2019_18:59:02,4.0,42.99754715,-81.2642084
03/02/2019_18:59:04,0.2,42.997572133333335,-81.26420283333333
03/02/2019_18:59:06,0.2,42.99755745,-81.26420456666666
03/02/2019_18:59:08,0.2,42.99752961666667,-81.26421856666667
03/02/2019_18:59:10,0.0,42.99752263333333,-81.26422256666666
03/02/2019_18:59:12,0.2,42.99752251666666,-81.26422246666667
03/02/2019_18:59:14,0.2,42.99752131666666,-81.26422261666667
03/02/2019_18:59:16,0.1,42.997521033333335,-81.26422276666666
03/02/2019_18:59:18,0.2,42.99752178333333,-81.26422208333334
03/02/2019_18:59:20,1.5,42.9975226,-81.26422105
03/02/2019_18:59:22,1.5,42.99753033333333,-81.26421005
03/02/2019_18:59:24,2.5,42.99753591666666,-81.26419703333333
03/02/2019_18:59:26,0.2,42.997541266666666,-81.26417683333334
03/02/2019_18:59:28,1.1,42.99754295,-81.26417716666667
03/02/2019_18:59:30,1.0,42.99754058333333,-81.26417828333334
03/02/2019_18:59:32,0.1,42.99754298333333,-81.2641762
03/02/2019_18:59:34,0.9,42.99754278333333,-81.26417701666666
03/02/2019_18:59:36,2.0,42.9975431,-81.26417448333333
03/02/2019_18:59:38,1.9,42.99755685,-81.26416945
03/02/2019_18:59:40,2.5,42.997566866666666,-81.26417303333334
03/02/2019_18:59:42,1.7,42.99756945,-81.26418246666667
03/02/2019_18:59:44,1.2,42.99756551666667,-81.26419078333333
03/02/2019_18:59:46,0.1,42.99756865,-81.26418736666666
03/02/2019_18:59:48,0.8,42.99757631666667,-81.26415313333334
03/02/2019_18:59:50,1.1,42.99759,-81.26413755
03/02/2019_18:59:52,1.2,42.9975923,-81.26414951666666
03/02/2019_18:59:54,1.1,42.99759398333333,-81.2641209
03/02/2019_18:59:56,1.4,42.99755995,-81.26415655
03/02/2019_18:59:58,1.8,42.997548566666666,-81.26417073333333
03/02/2019_19:00:00,1.9,42.99754588333333,-81.26421081666666
03/02/2019_19:00:02,1.6,42.997567116666666,-81.26421121666667
03/02/2019_19:00:04,0.1,42.997594916666664,-81.26420765
03/02/2019_19:00:06,1.4,42.99759206666667,-81.2642031
03/02/2019_19:00:08,2.9,42.997599916666665,-81.26423178333333
03/02/2019_19:00:10,3.5,42.99759541666667,-81.26424895
03/02/2019_19:00:12,3.7,42.997593433333336,-81.26427558333333
03/02/2019_19:00:14,2.9,42.997580766666665,-81.26431566666666
03/02/2019_19:00:16,2.1,42.99755365,-81.264307
03/02/2019_19:00:18,1.4,42.99753008333333,-81.26430913333333
03/02/2019_19:00:20,1.0,42.99754011666667,-81.26428248333333
03/02/2019_19:00:22,1.5,42.99754746666667,-81.26427935
03/02/2019_19:00:24,3.1,42.997576333333335,-81.26424893333333
03/02/2019_19:00:26,3.4,42.99759933333333,-81.2642284
03/02/2019_19:00:28,3.4,42.997626483333335,-81.26420573333333
03/02/2019_19:00:30,3.3,42.99765223333333,-81.26418465
03/02/2019_19:00:32,3.3,42.99767128333333,-81.2641726
03/02/2019_19:00:34,3.3,42.99770405,-81.2641708
03/02/2019_19:00:36,3.4,42.99773398333333,-81.26415656666667
03/02/2019_19:00:38,3.5,42.997769016666666,-81.2641433
03/02/2019_19:00:40,3.6,42.99779181666667,-81.2641349
03/02/2019_19:00:42,3.8,42.997816766666666,-81.26412556666666
03/02/2019_19:00:44,4.0,42.997845133333335,-81.26410416666667
03/02/2019_19:00:46,4.0,42.99787,-81.26409766666667
03/02/2019_19:00:48,3.9,42.9978864,-81.26408851666666
03/02/2019_19:00:50,3.8,42.99790923333333,-81.26408476666667
03/02/2019_19:00:52,3.7,42.997929533333334,-81.26407765
03/02/2019_19:00:54,3.7,42.99795413333333,-81.2640591
03/02/2019_19:00:56,3.7,42.997978583333335,-81.26404286666667
03/02/2019_19:00:58,4.0,42.997997766666664,-81.2640467
03/02/2019_19:01:00,4.7,42.9980246,-81.26404446666666
03/02/2019_19:01:02,5.4,42.9980708,-81.26404195
03/02/2019_19:01:04,6.2,42.99811953333333,-81.26403763333333
03/02/2019_19:01:06,6.7,42.9981695,-81.26404005
03/02/2019_19:01:08,7.1,42.99822296666667,-81.26404138333334
03/02/2019_19:01:10,7.4,42.99828351666667,-81.26405305
03/02/2019_19:01:12,7.8,42.99833486666667,-81.2640644
03/02/2019_19:01:14,8.0,42.99838941666667,-81.2640718
03/02/2019_19:01:16,7.9,42.99843995,-81.26407255
03/02/2019_19:01:18,7.5,42.99847565,-81.26406478333334
03/02/2019_19:01:20,7.4,42.99850455,-81.2640617
03/02/2019_19:01:22,7.3,42.9985424,-81.26406725
03/02/2019_19:01:24,7.1,42.998592183333336,-81.2640499
03/02/2019_19:01:26,7.0,42.9986387,-81.2640128
03/02/2019_19:01:28,6.8,42.99867385,-81.2639836
03/02/2019_19:01:30,6.3,42.99870378333333,-81.2639547
03/02/2019_19:01:32,6.0,42.9987183,-81.26392913333333
03/02/2019_19:01:34,5.6,42.998730716666664,-81.26390886666667
03/02/2019_19:01:36,5.3,42.998736316666665,-81.26390116666667
03/02/2019_19:01:38,5.3,42.99874375,-81.26387063333334
03/02/2019_19:01:40,5.4,42.99874011666667,-81.26385025
03/02/2019_19:01:42,5.7,42.99872678333333,-81.26383198333333
03/02/2019_19:01:44,6.2,42.9987104,-81.26379071666666
03/02/2019_19:01:46,6.8,42.99869948333333,-81.26370121666666
03/02/2019_19:01:48,7.2,42.99869088333333,-81.26360336666667
03/02/2019_19:01:50,7.1,42.99868086666667,-81.26352686666667
03/02/2019_19:01:52,7.4,42.9986914,-81.2634658
03/02/2019_19:01:54,7.7,42.998691183333335,-81.26335791666666
03/02/2019_19:01:56,8.2,42.99868528333333,-81.26326155
03/02/2019_19:01:58,8.6,42.9986679,-81.26315813333333
03/02/2019_19:02:00,8.6,42.998660533333336,-81.26306938333333
03/02/2019_19:02:02,8.9,42.998645583333335,-81.26297746666667
03/02/2019_19:02:04,9.1,42.998627633333335,-81.26286886666666
03/02/2019_19:02:06,9.0,42.9986151,-81.26280146666667
03/02/2019_19:02:08,8.9,42.998599633333335,-81.262716
03/02/2019_19:02:10,8.9,42.99858825,-81.26263238333334
03/02/2019_19:02:12,9.0,42.99858353333333,-81.26252273333333
03/02/2019_19:02:14,8.9,42.998568266666666,-81.26240431666666
03/02/2019_19:02:16,8.7,42.99854333333333,-81.26229316666667
03/02/2019_19:02:18,8.5,42.998530366666664,-81.26221525
03/02/2019_19:02:20,8.4,42.99851768333333,-81.26212413333333
03/02/2019_19:02:22,8.2,42.99850428333333,-81.26204816666667
03/02/2019_19:02:24,8.0,42.99850745,-81.26198966666666
03/02/2019_19:02:26,7.7,42.99850498333333,-81.26193418333334
03/02/2019_19:02:28,7.6,42.99850206666667,-81.26188333333333
03/02/2019_19:02:30,7.6,42.99848398333334,-81.26182876666667
03/02/2019_19:02:32,7.8,42.9984627,-81.26174251666667
03/02/2019_19:02:34,7.8,42.99843978333333,-81.26167173333333
03/02/2019_19:02:36,7.8,42.99841635,-81.2615886
03/02/2019_19:02:38,8.0,42.99839368333333,-81.26152786666667
03/02/2019_19:02:40,8.2,42.99837251666667,-81.26149026666667
03/02/2019_19:02:42,8.2,42.99832965,-81.26145368333333
03/02/2019_19:02:44,8.1,42.998276133333334,-81.26140001666667
03/02/2019_19:02:46,8.2,42.99824065,-81.26136435
03/02/2019_19:02:48,8.2,42.9981935,-81.26131471666666
03/02/2019_19:02:50,8.2,42.99815038333333,-81.2612749
03/02/2019_19:02:52,8.1,42.99809523333333,-81.26122696666667
03/02/2019_19:02:54,7.9,42.99806785,-81.26119653333333
03/02/2019_19:02:56,7.6,42.998036733333336,-81.26116863333333
03/02/2019_19:02:58,7.6,42.99801361666667,-81.26114038333333
03/02/2019_19:03:00,7.6,42.99798813333334,-81.26107873333333
03/02/2019_19:03:02,7.6,42.997965416666666,-81.2610527
03/02/2019_19:03:04,7.6,42.997939333333335,-81.26100588333334
03/02/2019_19:03:06,7.5,42.997911216666665,-81.2609594
03/02/2019_19:03:08,7.6,42.99788866666667,-81.2609257
03/02/2019_19:03:10,7.6,42.997872316666665,-81.26087856666666
03/02/2019_19:03:12,7.6,42.997843716666665,-81.26080465
03/02/2019_19:03:14,7.5,42.99783491666667,-81.26077538333334
03/02/2019_19:03:16,7.6,42.9977973,-81.26071795
03/02/2019_19:03:18,7.5,42.9977312,-81.2606419
03/02/2019_19:03:20,7.5,42.9976823,-81.26057675
03/02/2019_19:03:22,7.5,42.99764218333333,-81.26052761666666
03/02/2019_19:03:24,7.6,42.9975851,-81.26051415
03/02/2019_19:03:26,7.6,42.997533866666664,-81.2604955
03/02/2019_19:03:28,7.7,42.99748975,-81.26046775
03/02/2019_19:03:30,7.4,42.9974482,-81.26045106666666
03/02/2019_19:03:32,7.2,42.99741253333333,-81.26043795
03/02/2019_19:03:34,6.8,42.99738425,-81.26041865
03/02/2019_19:03:36,6.5,42.9973412,-81.26041166666667
03/02/2019_19:03:38,6.9,42.99729735,-81.26038228333333
03/02/2019_19:03:40,7.1,42.997247933333334,-81.26035691666667
03/02/2019_19:03:42,7.2,42.99720816666667,-81.26029611666667
03/02/2019_19:03:44,7.2,42.997182566666666,-81.26024833333334
03/02/2019_19:03:46,7.4,42.9971288,-81.26020886666667
03/02/2019_19:03:48,7.5,42.99707216666667,-81.26018978333333
03/02/2019_19:03:50,7.4,42.997018516666664,-81.2601612
03/02/2019_19:03:52,7.3,42.99696121666667,-81.2601372
03/02/2019_19:03:54,7.0,42.99689921666667,-81.26009945
03/02/2019_19:03:56,6.8,42.99684773333333,-81.26009231666667
03/02/2019_19:03:58,6.5,42.99682321666667,-81.26007691666666
03/02/2019_19:04:00,6.3,42.996790266666665,-81.26008035
03/02/2019_19:04:02,5.9,42.99675121666667,-81.2600878
03/02/2019_19:04:04,5.5,42.9967376,-81.2600882
03/02/2019_19:04:06,5.4,42.99670066666667,-81.26008513333333
03/02/2019_19:04:08,5.3,42.99665413333334,-81.26008758333333
03/02/2019_19:04:10,5.3,42.99660118333333,-81.26009316666666
03/02/2019_19:04:12,5.2,42.99656396666666,-81.26008763333333
03/02/2019_19:04:14,5.2,42.99653,-81.26007168333334
03/02/2019_19:04:16,5.2,42.9964942,-81.2600646
03/02/2019_19:04:18,5.0,42.99646946666667,-81.26006315
03/02/2019_19:04:20,4.9,42.996441266666665,-81.26006591666666
03/02/2019_19:04:22,4.9,42.996405933333335,-81.26009016666667
03/02/2019_19:04:24,4.8,42.99636258333334,-81.26009258333333
03/02/2019_19:04:26,4.7,42.99631045,-81.26008551666666
03/02/2019_19:04:28,4.8,42.99626061666667,-81.26006503333333
03/02/2019_19:04:30,5.2,42.99620178333333,-81.26007231666667
03/02/2019_19:04:32,5.5,42.9961474,-81.26010656666666
03/02/2019_19:04:34,5.6,42.996110683333335,-81.26014236666667
03/02/2019_19:04:36,6.0,42.99605533333333,-81.26017231666667
03/02/2019_19:04:38,6.4,42.995998,-81.26018853333333
03/02/2019_19:04:40,6.5,42.99591875,-81.26020591666666
03/02/2019_19:04:42,6.4,42.99585688333333,-81.26023038333334
03/02/2019_19:04:44,6.3,42.995811716666665,-81.26023806666667
03/02/2019_19:04:46,6.0,42.99578655,-81.26022853333333
03/02/2019_19:04:48,5.8,42.99575626666667,-81.26021608333333
03/02/2019_19:04:50,5.7,42.9957076,-81.26019921666666
03/02/2019_19:04:52,5.8,42.99567511666667,-81.26020821666667
03/02/2019_19:04:54,5.9,42.995636516666664,-81.26022921666667
03/02/2019_19:04:56,5.7,42.99558955,-81.26022808333333
03/02/2019_19:04:58,5.5,42.99555066666667,-81.26022241666666
03/02/2019_19:05:00,5.4,42.995496016666664,-81.26018375
03/02/2019_19:05:02,5.4,42.99544778333333,-81.2601659
03/02/2019_19:05:04,5.2,42.99540111666666,-81.2601561
03/02/2019_19:05:06,5.2,42.99536486666667,-81.26016505
03/02/2019_19:05:08,5.3,42.99531926666667,-81.2601572
03/02/2019_19:05:10,5.4,42.99526443333333,-81.26016041666666
03/02/2019_19:05:12,5.5,42.99522136666667,-81.26016745
03/02/2019_19:05:14,5.7,42.99519351666667,-81.26017811666667
03/02/2019_19:05:16,6.1,42.99513018333333,-81.26018341666666
03/02/2019_19:05:18,6.3,42.995083816666664,-81.26016788333334
03/02/2019_19:05:20,6.2,42.995059983333334,-81.26018006666666
03/02/2019_19:05:22,6.1,42.995018316666666,-81.26017788333333
03/02/2019_19:05:24,6.2,42.994999666666665,-81.2601697
03/02/2019_19:05:26,6.1,42.99498725,-81.26021153333333
03/02/2019_19:05:28,5.9,42.9949457,-81.26025511666667
03/02/2019_19:05:30,5.7,42.994904166666664,-81.26028671666667
03/02/2019_19:05:32,5.6,42.9948431,-81.26028071666667
03/02/2019_19:05:34,5.4,42.99477436666667,-81.26027403333333
03/02/2019_19:05:36,5.4,42.994743783333334,-81.2602917
03/02/2019_19:05:38,5.3,42.99469536666667,-81.26031926666667
03/02/2019_19:05:40,5.3,42.99467095,-81.26032705
03/02/2019_19:05:42,5.4,42.99462208333333,-81.2603618
03/02/2019_19:05:44,5.5,42.99456235,-81.26040006666666
03/02/2019_19:05:46,5.6,42.99452001666667,-81.26037075
03/02/2019_19:05:48,5.5,42.99446028333333,-81.26037353333334
03/02/2019_19:05:50,5.4,42.99440155,-81.26035641666667
03/02/2019_19:05:52,5.4,42.99434183333334,-81.26036351666667
03/02/2019_19:05:54,5.4,42.99430443333333,-81.26036136666667
03/02/2019_19:05:56,5.8,42.994275583333334,-81.26037328333334
03/02/2019_19:05:58,6.0,42.994218616666664,-81.26040496666667
03/02/2019_19:06:00,6.0,42.994179333333335,-81.2604179
03/02/2019_19:06:02,6.1,42.9941515,-81.26040615
03/02/2019_19:06:04,6.1,42.99411383333333,-81.26036755
03/02/2019_19:06:06,6.5,42.994059416666666,-81.26036001666667
03/02/2019_19:06:08,6.5,42.993984616666665,-81.26033205
03/02/2019_19:06:10,6.5,42.99396323333333,-81.26030266666666
03/02/2019_19:06:12,6.5,42.99390635,-81.2602964
03/02/2019_19:06:14,3.8,42.99384191666667,-81.26028758333334
03/02/2019_19:06:16,2.2,42.99376603333333,-81.26031753333334
03/02/2019_19:06:18,4.0,42.9937353,-81.26027998333333
03/02/2019_19:06:20,4.2,42.993741533333335,-81.26024236666666
03/02/2019_19:06:22,5.0,42.99374266666667,-81.26021923333333
03/02/2019_19:06:24,5.4,42.993739866666665,-81.26016531666667
03/02/2019_19:06:26,5.3,42.99374493333333,-81.26013291666666
03/02/2019_19:06:28,5.1,42.9937368,-81.26010646666667
03/02/2019_19:06:30,4.7,42.99372231666667,-81.26008645
03/02/2019_19:06:32,4.6,42.993692716666665,-81.26005053333333
03/02/2019_19:06:34,4.5,42.9936605,-81.26001236666667
03/02/2019_19:06:36,4.4,42.99360923333333,-81.25998618333334
03/02/2019_19:06:38,4.3,42.993563183333336,-81.25997273333333
03/02/2019_19:06:40,4.5,42.99353441666667,-81.25998448333333
03/02/2019_19:06:42,4.8,42.99351226666667,-81.26002503333333
03/02/2019_19:06:44,5.3,42.99349265,-81.26007075
03/02/2019_19:06:46,5.8,42.9934822,-81.26012211666666
03/02/2019_19:06:48,6.4,42.9934709,-81.2601766
03/02/2019_19:06:50,6.6,42.993454983333336,-81.26023268333333
03/02/2019_19:06:52,6.9,42.99343523333334,-81.26029363333333
03/02/2019_19:06:54,7.1,42.993409316666664,-81.26035233333333
03/02/2019_19:06:56,7.2,42.99338923333333,-81.26040123333334
03/02/2019_19:06:58,7.5,42.9933657,-81.26045375
03/02/2019_19:07:00,7.7,42.993339066666664,-81.26052355
03/02/2019_19:07:02,7.6,42.9933177,-81.26058233333333
03/02/2019_19:07:04,7.6,42.99330758333333,-81.26061826666667
03/02/2019_19:07:06,7.8,42.99328728333333,-81.26068456666667
03/02/2019_19:07:08,7.9,42.99326823333333,-81.26074126666667
03/02/2019_19:07:10,8.3,42.9932476,-81.26080306666667
03/02/2019_19:07:12,8.6,42.99322435,-81.26088181666667
03/02/2019_19:07:14,8.6,42.99320733333333,-81.2609364
03/02/2019_19:07:16,8.8,42.99318791666666,-81.2609971
03/02/2019_19:07:18,8.7,42.99316481666666,-81.26106201666667
03/02/2019_19:07:20,8.5,42.993152116666664,-81.26110525
03/02/2019_19:07:22,8.6,42.993138,-81.26115973333333
03/02/2019_19:07:24,8.7,42.9931155,-81.2612303
03/02/2019_19:07:26,8.9,42.993099183333335,-81.26130176666666
03/02/2019_19:07:28,9.0,42.993080633333335,-81.2613654
03/02/2019_19:07:30,9.1,42.99306156666667,-81.2614283
03/02/2019_19:07:32,9.2,42.99304123333334,-81.2614963
03/02/2019_19:07:34,9.1,42.9930282,-81.26156026666666
03/02/2019_19:07:36,9.0,42.99302015,-81.26162118333333
03/02/2019_19:07:38,8.7,42.99300775,-81.26168615
03/02/2019_19:07:40,8.5,42.992998166666666,-81.26175611666666
03/02/2019_19:07:42,8.3,42.99298651666667,-81.26181408333333
03/02/2019_19:07:44,7.9,42.99296903333333,-81.2618732
03/02/2019_19:07:46,4.4,42.99296148333333,-81.26190478333334
03/02/2019_19:07:48,2.1,42.99295855,-81.26191311666666
03/02/2019_19:07:50,1.7,42.99295715,-81.26193186666667
03/02/2019_19:07:52,3.1,42.99295685,-81.26193905
03/02/2019_19:07:54,5.3,42.992962166666665,-81.26198315
03/02/2019_19:07:56,5.6,42.992987633333335,-81.26202841666667
03/02/2019_19:07:58,6.1,42.99303213333334,-81.26205811666667
03/02/2019_19:08:00,6.2,42.9930954,-81.26211135
03/02/2019_19:08:02,6.4,42.99314388333333,-81.26215155
03/02/2019_19:08:04,6.8,42.99319558333333,-81.26215818333333
03/02/2019_19:08:06,7.2,42.993246766666665,-81.26218553333334
03/02/2019_19:08:08,7.4,42.99328286666667,-81.26222225
03/02/2019_19:08:10,7.7,42.99332343333333,-81.26223388333334
03/02/2019_19:08:12,7.8,42.99338385,-81.26227148333334
03/02/2019_19:08:14,8.0,42.99347358333333,-81.26233736666667
03/02/2019_19:08:16,8.2,42.99356468333333,-81.26238923333334
03/02/2019_19:08:18,8.2,42.9936339,-81.26242651666666
03/02/2019_19:08:20,8.4,42.99369108333333,-81.26245321666667
03/02/2019_19:08:22,8.5,42.99375103333333,-81.2624674
03/02/2019_19:08:24,8.4,42.9938038,-81.26249351666667
03/02/2019_19:08:26,8.0,42.99384985,-81.26250976666667
03/02/2019_19:08:28,8.0,42.993890916666665,-81.2625258
03/02/2019_19:08:30,7.9,42.99395535,-81.2625364
03/02/2019_19:08:32,8.1,42.99400815,-81.26255785
03/02/2019_19:08:34,8.6,42.994076533333335,-81.2626026
03/02/2019_19:08:36,8.7,42.994160683333334,-81.26262651666667
03/02/2019_19:08:38,8.2,42.994211,-81.26264871666666
03/02/2019_19:08:40,7.7,42.99424565,-81.26264928333333
03/02/2019_19:08:42,7.5,42.994292783333336,-81.262674
03/02/2019_19:08:44,7.2,42.99434985,-81.26270355
03/02/2019_19:08:46,6.9,42.99440081666667,-81.26270995
03/02/2019_19:08:48,6.9,42.99445115,-81.26273343333334
03/02/2019_19:08:50,7.0,42.99449705,-81.26277713333333
03/02/2019_19:08:52,7.1,42.99454791666667,-81.26280351666666
03/02/2019_19:08:54,7.2,42.99459316666667,-81.26282036666667
03/02/2019_19:08:56,7.4,42.994649216666666,-81.26287155
03/02/2019_19:08:58,7.0,42.99471135,-81.2628925
03/02/2019_19:09:00,6.6,42.99474393333333,-81.26290133333333
03/02/2019_19:09:02,6.3,42.994784583333335,-81.26290831666667
03/02/2019_19:09:04,6.3,42.99482725,-81.26292278333334
03/02/2019_19:09:06,6.5,42.99487921666667,-81.26293768333333
03/02/2019_19:09:08,6.7,42.994942683333335,-81.26296105
03/02/2019_19:09:10,6.8,42.9949794,-81.26298721666667
03/02/2019_19:09:12,6.8,42.99502878333333,-81.263004
03/02/2019_19:09:14,6.8,42.99507538333334,-81.26302821666667
03/02/2019_19:09:16,6.5,42.9951193,-81.26305526666667
03/02/2019_19:09:18,6.3,42.99515443333333,-81.26308233333333
03/02/2019_19:09:20,6.2,42.9951927,-81.26309546666667
03/02/2019_19:09:22,6.2,42.99523835,-81.26309996666667
03/02/2019_19:09:24,6.4,42.99529305,-81.26313025
03/02/2019_19:09:26,6.7,42.99534573333333,-81.26317741666666
03/02/2019_19:09:28,7.0,42.99540356666667,-81.26320406666666
03/02/2019_19:09:30,6.8,42.995459366666665,-81.26323428333333
03/02/2019_19:09:32,6.6,42.99549748333333,-81.26325335
03/02/2019_19:09:34,6.5,42.99553165,-81.26326398333333
03/02/2019_19:09:36,6.9,42.9955811,-81.26328626666667
03/02/2019_19:09:38,7.0,42.99562538333333,-81.26336316666666
03/02/2019_19:09:40,6.5,42.99564736666667,-81.26339665
03/02/2019_19:09:42,6.2,42.9956766,-81.26341661666666
03/02/2019_19:09:44,6.4,42.99571458333333,-81.26344673333334
03/02/2019_19:09:46,6.6,42.995760233333336,-81.263468
03/02/2019_19:09:48,6.7,42.995804666666665,-81.26350913333333
03/02/2019_19:09:50,6.7,42.99584781666667,-81.26352881666666
03/02/2019_19:09:52,6.9,42.99588728333333,-81.26355786666667
03/02/2019_19:09:54,7.2,42.99592135,-81.26360146666667
03/02/2019_19:09:56,7.2,42.99595158333333,-81.26366763333333
03/02/2019_19:09:58,6.7,42.995963683333336,-81.26373813333333
03/02/2019_19:10:00,6.2,42.99596678333333,-81.26377901666666
03/02/2019_19:10:02,5.9,42.99597141666667,-81.263819
03/02/2019_19:10:04,5.7,42.99597466666667,-81.263842
03/02/2019_19:10:06,5.3,42.99597001666667,-81.26388903333333
03/02/2019_19:10:08,5.2,42.99597155,-81.26391961666667
03/02/2019_19:10:10,4.9,42.995988116666666,-81.26396855
03/02/2019_19:10:12,4.7,42.99600225,-81.26399356666667
03/02/2019_19:10:14,4.4,42.99602375,-81.26401685
03/02/2019_19:10:16,4.3,42.996037916666666,-81.26403573333333
03/02/2019_19:10:18,3.0,42.99606588333333,-81.2640924
03/02/2019_19:10:20,1.2,42.996083283333334,-81.26410313333334
03/02/2019_19:10:22,1.1,42.99609063333333,-81.26411391666667
03/02/2019_19:10:24,1.3,42.996096933333334,-81.2641261
03/02/2019_19:10:26,0.9,42.996104816666666,-81.26412408333333
03/02/2019_19:10:28,1.7,42.9961267,-81.26410765
03/02/2019_19:10:30,2.1,42.99613418333333,-81.26410146666667
03/02/2019_19:10:32,1.4,42.99615921666667,-81.26412151666666
03/02/2019_19:10:34,1.9,42.99619356666667,-81.26414103333333
03/02/2019_19:10:36,2.7,42.9962182,-81.26415173333334
03/02/2019_19:10:38,3.5,42.996251916666665,-81.26419586666667
03/02/2019_19:10:41,3.4,42.99627446666667,-81.26421263333333
03/02/2019_19:10:43,3.6,42.996324566666665,-81.26422081666666
03/02/2019_19:10:45,4.0,42.9963532,-81.26424895
03/02/2019_19:10:47,4.5,42.99640161666667,-81.26427535
03/02/2019_19:10:49,4.3,42.9964325,-81.26428611666667
03/02/2019_19:10:51,4.1,42.9964432,-81.26430006666666
03/02/2019_19:10:53,4.2,42.99646115,-81.26431543333334
03/02/2019_19:10:55,4.5,42.99648631666667,-81.26433161666667
03/02/2019_19:10:57,4.5,42.996538083333334,-81.26435206666666
03/02/2019_19:10:59,4.5,42.9965607,-81.26436428333334
03/02/2019_19:11:01,4.3,42.996567633333335,-81.26436778333333
03/02/2019_19:11:03,4.2,42.996601749999996,-81.26437585
03/02/2019_19:11:05,4.2,42.99662145,-81.26438668333333
03/02/2019_19:11:07,4.2,42.9966583,-81.26440195
03/02/2019_19:11:09,4.1,42.996703466666666,-81.2644086
03/02/2019_19:11:11,4.0,42.99672856666667,-81.26441931666666
03/02/2019_19:11:13,4.0,42.9967397,-81.2644265
03/02/2019_19:11:15,3.9,42.99675466666667,-81.26441556666667
03/02/2019_19:11:17,3.7,42.996764866666666,-81.26437118333334
03/02/2019_19:11:19,3.4,42.996788566666666,-81.26436681666667
03/02/2019_19:11:21,3.3,42.9968142,-81.26437193333334
03/02/2019_19:11:23,3.2,42.996852733333334,-81.2643727
03/02/2019_19:11:25,3.0,42.9968804,-81.26438255
03/02/2019_19:11:27,3.0,42.99690008333334,-81.26438076666666
03/02/2019_19:11:29,3.1,42.9969243,-81.26438578333334
03/02/2019_19:11:31,2.1,42.996990933333336,-81.26435828333334
03/02/2019_19:11:33,3.7,42.996996366666664,-81.26433418333333
03/02/2019_19:11:35,2.3,42.997029033333334,-81.26431758333334
03/02/2019_19:11:37,3.2,42.99707241666667,-81.26430401666667
03/02/2019_19:11:39,4.0,42.99709971666667,-81.26430151666666
03/02/2019_19:11:41,3.3,42.99714598333333,-81.26429801666667
03/02/2019_19:11:43,3.0,42.99717438333333,-81.2642897
03/02/2019_19:11:45,2.9,42.99720408333334,-81.26429333333333
03/02/2019_19:11:47,2.2,42.997227466666665,-81.2642855
03/02/2019_19:11:49,2.8,42.99724403333333,-81.26427756666666
03/02/2019_19:11:51,4.6,42.99728103333333,-81.26426041666667
03/02/2019_19:11:53,3.2,42.99731568333333,-81.26423661666666
03/02/2019_19:11:55,2.2,42.99733201666667,-81.26423558333333
03/02/2019_19:11:57,4.1,42.9973451,-81.26423453333334
03/02/2019_19:11:59,7.5,42.997370866666664,-81.26422881666667
03/02/2019_19:12:01,8.1,42.99742583333333,-81.26422338333333
03/02/2019_19:12:03,8.2,42.997477616666664,-81.26420823333333
03/02/2019_19:12:05,8.3,42.9975286,-81.26420013333333
03/02/2019_19:12:07,8.2,42.9975791,-81.26419123333334
03/02/2019_19:12:09,7.9,42.9976124,-81.26418668333334
03/02/2019_19:12:11,7.7,42.9976482,-81.26418526666667
03/02/2019_19:12:13,7.7,42.997680566666666,-81.26417418333334
03/02/2019_19:12:15,8.0,42.99772595,-81.26416688333333
03/02/2019_19:12:17,8.2,42.99777615,-81.264156
03/02/2019_19:12:19,8.4,42.9978281,-81.26413551666667
03/02/2019_19:12:21,8.4,42.997874833333334,-81.26412538333334
03/02/2019_19:12:23,8.6,42.99792248333333,-81.26411413333334
03/02/2019_19:12:25,8.8,42.99797066666667,-81.26409943333333
03/02/2019_19:12:27,8.8,42.9980178,-81.26408586666666
03/02/2019_19:12:29,8.9,42.9980639,-81.26408013333334
03/02/2019_19:12:31,9.2,42.9981206,-81.26407911666666
03/02/2019_19:12:33,9.1,42.99817493333333,-81.26408186666667
03/02/2019_19:12:35,8.9,42.99821851666667,-81.26408411666667
03/02/2019_19:12:37,8.8,42.9982618,-81.26408403333333
03/02/2019_19:12:39,8.7,42.998313116666665,-81.26408023333333
03/02/2019_19:12:41,8.8,42.998358816666666,-81.26407955
03/02/2019_19:12:43,8.7,42.998406083333336,-81.26407628333334
03/02/2019_19:12:45,8.6,42.99845023333334,-81.26407095
03/02/2019_19:12:47,8.5,42.998489983333336,-81.26406926666667
03/02/2019_19:12:49,8.6,42.9985329,-81.2640668
03/02/2019_19:12:51,8.6,42.99858303333333,-81.26405406666667
03/02/2019_19:12:53,8.5,42.998623566666666,-81.26404763333333
03/02/2019_19:12:55,8.2,42.99867471666666,-81.26402818333334
03/02/2019_19:12:57,7.9,42.998721016666664,-81.26401246666667
03/02/2019_19:12:59,7.5,42.99874305,-81.26398636666667
03/02/2019_19:13:01,7.4,42.99876678333333,-81.2639446
03/02/2019_19:13:03,7.2,42.99877121666667,-81.2638902
03/02/2019_19:13:05,7.0,42.99877226666667,-81.26385685
03/02/2019_19:13:07,6.7,42.99877253333333,-81.26383555
03/02/2019_19:13:09,6.6,42.99876325,-81.26379721666666
03/02/2019_19:13:11,6.6,42.99873225,-81.26372073333333
03/02/2019_19:13:13,6.6,42.998705783333335,-81.26365511666667
03/02/2019_19:13:15,6.7,42.998672283333335,-81.26357695
03/02/2019_19:13:17,6.8,42.998643816666664,-81.26350975
03/02/2019_19:13:19,7.1,42.998627133333336,-81.26345771666666
03/02/2019_19:13:21,7.2,42.99861201666667,-81.2633852
03/02/2019_19:13:23,7.2,42.99860725,-81.26332131666666
03/02/2019_19:13:25,7.1,42.99861176666667,-81.26326723333334
03/02/2019_19:13:27,7.1,42.9986157,-81.26322736666667
03/02/2019_19:13:29,7.0,42.998610383333336,-81.26317683333333
03/02/2019_19:13:31,6.8,42.998617833333334,-81.26312293333334
03/02/2019_19:13:33,6.7,42.998619133333335,-81.26309983333333
03/02/2019_19:13:35,6.5,42.998617966666664,-81.26306676666667
03/02/2019_19:13:37,6.6,42.99862271666667,-81.26299498333333
03/02/2019_19:13:39,6.9,42.99862175,-81.26292948333334
03/02/2019_19:13:41,7.1,42.99861608333333,-81.26287838333333
03/02/2019_19:13:43,7.2,42.99860571666667,-81.26282618333333
03/02/2019_19:13:45,7.2,42.99860505,-81.26275976666666
03/02/2019_19:13:47,7.3,42.99860196666667,-81.26269331666667
03/02/2019_19:13:49,7.6,42.998600833333334,-81.26261183333334
03/02/2019_19:13:51,7.7,42.9985885,-81.26254521666667
03/02/2019_19:13:53,7.7,42.99856956666667,-81.26245181666667
03/02/2019_19:13:55,7.6,42.99856585,-81.26240353333333
03/02/2019_19:13:57,7.7,42.9985583,-81.26233958333333
03/02/2019_19:13:59,7.9,42.998537383333336,-81.26226146666667
03/02/2019_19:14:01,8.0,42.998528533333335,-81.26217801666667
03/02/2019_19:14:03,8.1,42.99851318333333,-81.26207745
03/02/2019_19:14:05,8.1,42.99849906666667,-81.26202348333334
03/02/2019_19:14:07,8.3,42.99849088333333,-81.26194375
03/02/2019_19:14:09,8.3,42.998482433333336,-81.26189228333334
03/02/2019_19:14:11,8.4,42.99847106666667,-81.26182635
03/02/2019_19:14:13,8.4,42.998458283333335,-81.26175996666667
03/02/2019_19:14:15,8.5,42.99842218333333,-81.26166858333333
03/02/2019_19:14:17,8.4,42.99838906666667,-81.26157276666666
03/02/2019_19:14:19,8.4,42.998357983333335,-81.26150133333333
03/02/2019_19:14:21,8.5,42.99831461666667,-81.26145926666666
03/02/2019_19:14:23,8.5,42.9982734,-81.26141703333333
03/02/2019_19:14:25,8.7,42.99823906666666,-81.26137543333333
03/02/2019_19:14:27,8.8,42.998195833333334,-81.26132185
03/02/2019_19:14:29,8.8,42.99815375,-81.2612771
03/02/2019_19:14:31,8.8,42.99811511666667,-81.26123748333333
03/02/2019_19:14:33,8.4,42.99807865,-81.2612012
03/02/2019_19:14:35,8.2,42.998052183333336,-81.26116766666667
03/02/2019_19:14:37,8.1,42.9980194,-81.26112443333334
03/02/2019_19:14:39,7.9,42.99798773333333,-81.26107295
03/02/2019_19:14:41,8.2,42.99795868333333,-81.261023
03/02/2019_19:14:43,8.3,42.99792206666667,-81.2609647
03/02/2019_19:14:45,8.3,42.99789275,-81.2609067
03/02/2019_19:14:47,8.2,42.99786233333333,-81.26086016666666
03/02/2019_19:14:49,7.9,42.997837233333335,-81.26080456666666
03/02/2019_19:14:51,7.9,42.997800416666664,-81.26073891666667
03/02/2019_19:14:53,7.9,42.997765183333335,-81.26068256666667
03/02/2019_19:14:55,7.9,42.9977355,-81.26064061666666
03/02/2019_19:14:57,8.0,42.99770095,-81.26060823333333
03/02/2019_19:14:59,7.9,42.997656033333335,-81.26056843333333
03/02/2019_19:15:01,7.8,42.9976217,-81.26053213333333
03/02/2019_19:15:03,7.6,42.997589133333335,-81.26050018333333
03/02/2019_19:15:05,7.4,42.997547233333336,-81.26048526666666
03/02/2019_19:15:07,7.2,42.997494083333336,-81.26046256666666
03/02/2019_19:15:09,7.0,42.99744176666667,-81.26043318333333
03/02/2019_19:15:11,7.0,42.99739593333334,-81.2603975
03/02/2019_19:15:13,7.2,42.99734415,-81.26035961666666
03/02/2019_19:15:15,7.2,42.99728895,-81.26032781666666
03/02/2019_19:15:17,7.2,42.99723856666667,-81.26029848333333
03/02/2019_19:15:19,7.2,42.997202916666666,-81.26026228333333
03/02/2019_19:15:21,7.4,42.997168216666665,-81.26022633333334
03/02/2019_19:15:23,7.6,42.99712465,-81.26017141666667
03/02/2019_19:15:25,7.6,42.99708378333333,-81.26013796666666
03/02/2019_19:15:27,7.5,42.99703818333333,-81.26012363333334
03/02/2019_19:15:29,7.4,42.99699415,-81.26010716666667
03/02/2019_19:15:31,7.3,42.9969563,-81.26006438333333
03/02/2019_19:15:33,7.3,42.99691905,-81.26004095
03/02/2019_19:15:35,7.2,42.99687145,-81.26004595
03/02/2019_19:15:37,6.9,42.9968378,-81.26002948333333
03/02/2019_19:15:39,6.8,42.99680848333333,-81.26001341666667
03/02/2019_19:15:41,6.7,42.9967712,-81.26001333333333
03/02/2019_19:15:43,6.8,42.99672748333333,-81.26002056666667
03/02/2019_19:15:45,6.9,42.99668335,-81.26002626666667
03/02/2019_19:15:47,6.8,42.99663595,-81.26002591666666
03/02/2019_19:15:49,6.7,42.996592416666665,-81.26001491666666
03/02/2019_19:15:51,6.8,42.9965516,-81.26000535
03/02/2019_19:15:53,6.7,42.99651105,-81.25999588333333
03/02/2019_19:15:55,6.6,42.99647408333333,-81.25998391666667
03/02/2019_19:15:57,6.3,42.996431183333335,-81.25997801666666
03/02/2019_19:15:59,6.2,42.996395633333336,-81.25997531666667
03/02/2019_19:16:01,6.2,42.99636246666667,-81.2599677
03/02/2019_19:16:03,6.1,42.99632335,-81.25996913333333
03/02/2019_19:16:05,5.9,42.99630248333333,-81.25996241666667
03/02/2019_19:16:07,6.0,42.996264716666666,-81.25996431666667
03/02/2019_19:16:09,6.0,42.99621018333333,-81.25995523333333
03/02/2019_19:16:11,6.4,42.9961436,-81.25998231666667
03/02/2019_19:16:13,6.5,42.99608683333334,-81.260013
03/02/2019_19:16:15,6.6,42.996038866666666,-81.26002758333334
03/02/2019_19:16:17,6.7,42.99597995,-81.26004021666667
03/02/2019_19:16:19,6.6,42.995938566666666,-81.26003621666666
03/02/2019_19:16:21,6.5,42.99589891666667,-81.26003055
03/02/2019_19:16:23,6.3,42.99585295,-81.26004788333333
03/02/2019_19:16:25,6.3,42.99580855,-81.26005663333333
03/02/2019_19:16:27,6.3,42.99576508333333,-81.26004921666667
03/02/2019_19:16:29,6.2,42.99572561666667,-81.26004143333333
03/02/2019_19:16:31,6.3,42.99568645,-81.26003186666667
03/02/2019_19:16:33,6.2,42.99564185,-81.26001021666667
03/02/2019_19:16:35,6.3,42.9955947,-81.25999623333334
03/02/2019_19:16:37,6.5,42.995536916666666,-81.26001255
03/02/2019_19:16:39,6.5,42.99548601666667,-81.26000578333333
03/02/2019_19:16:41,6.3,42.99544805,-81.26000825
03/02/2019_19:16:43,6.1,42.99539421666667,-81.2600109
03/02/2019_19:16:45,6.0,42.99535035,-81.2600054
03/02/2019_19:16:47,6.0,42.99530743333333,-81.25999998333333
03/02/2019_19:16:49,5.8,42.99526908333333,-81.26001713333333
03/02/2019_19:16:51,5.5,42.995229466666665,-81.260012
03/02/2019_19:16:53,5.0,42.995201933333334,-81.26000931666667
03/02/2019_19:16:55,4.8,42.99517148333334,-81.26001315
03/02/2019_19:16:57,5.1,42.995127600000004,-81.26002798333333
03/02/2019_19:16:59,5.0,42.9950795,-81.26003771666667
03/02/2019_19:17:01,4.8,42.99504225,-81.26004455
03/02/2019_19:17:03,4.5,42.99500988333333,-81.26001715
03/02/2019_19:17:05,4.3,42.9949647,-81.26001576666667
03/02/2019_19:17:07,4.2,42.9949571,-81.26003796666667
03/02/2019_19:17:09,4.1,42.99487475,-81.26009801666666
03/02/2019_19:17:11,4.0,42.99479856666667,-81.26011013333333
03/02/2019_19:17:13,3.8,42.99476943333333,-81.26012218333334
03/02/2019_19:17:15,3.6,42.994748183333336,-81.26014096666667
03/02/2019_19:17:17,3.4,42.99474553333334,-81.26017588333333
03/02/2019_19:17:19,3.4,42.99471758333333,-81.26016355
03/02/2019_19:17:21,3.3,42.99470228333333,-81.2601641
03/02/2019_19:17:23,3.2,42.994647666666665,-81.26021348333333
03/02/2019_19:17:25,3.0,42.994604116666665,-81.26021263333334
03/02/2019_19:17:27,3.0,42.99459916666667,-81.26020086666666
03/02/2019_19:17:29,3.2,42.9945937,-81.26019881666667
03/02/2019_19:17:31,3.4,42.9945454,-81.26025271666667
03/02/2019_19:17:33,3.5,42.99445981666667,-81.2604131
03/02/2019_19:17:35,3.6,42.99441685,-81.26047215
03/02/2019_19:17:37,3.5,42.99436655,-81.26049258333333
03/02/2019_19:17:39,3.5,42.99433543333333,-81.26050768333333
03/02/2019_19:17:41,3.4,42.99431706666667,-81.26049451666667
03/02/2019_19:17:43,3.4,42.9943093,-81.2604957
03/02/2019_19:17:45,3.3,42.99428618333334,-81.26050851666666
03/02/2019_19:17:47,3.3,42.99426831666667,-81.26051785
03/02/2019_19:17:49,3.4,42.9942317,-81.26052151666667
03/02/2019_19:17:51,3.2,42.99420175,-81.26053048333333
03/02/2019_19:17:53,3.2,42.99417281666667,-81.26053901666667
03/02/2019_19:17:55,2.2,42.994151116666664,-81.2605429
03/02/2019_19:17:57,0.1,42.99413773333333,-81.26054241666667
03/02/2019_19:17:59,2.3,42.99413005,-81.26053805
03/02/2019_19:18:01,2.6,42.99410986666667,-81.26054421666667
03/02/2019_19:18:03,2.4,42.994100583333335,-81.2605442
03/02/2019_19:18:05,2.7,42.99407815,-81.26054881666667
03/02/2019_19:18:07,3.0,42.99404968333333,-81.26054853333333
03/02/2019_19:18:09,3.4,42.99401585,-81.26054681666666
03/02/2019_19:18:11,3.8,42.99398351666667,-81.26053978333333
03/02/2019_19:18:13,4.1,42.99395371666667,-81.26051991666667
03/02/2019_19:18:15,4.1,42.99392913333333,-81.26050293333333
03/02/2019_19:18:17,4.1,42.99390868333333,-81.26049395
03/02/2019_19:18:19,4.2,42.993883833333335,-81.26047398333333
03/02/2019_19:18:21,4.2,42.99386131666667,-81.26044563333333
03/02/2019_19:18:23,3.0,42.99384381666667,-81.2604287
03/02/2019_19:18:25,2.2,42.99383138333334,-81.2604139
03/02/2019_19:18:27,1.7,42.993826033333335,-81.26042731666666
03/02/2019_19:18:29,1.7,42.99382143333333,-81.26043156666667
03/02/2019_19:18:31,1.5,42.993823516666666,-81.26043943333333
03/02/2019_19:18:33,1.5,42.9938184,-81.26045315
03/02/2019_19:18:35,1.2,42.99381771666667,-81.26044893333334
03/02/2019_19:18:37,1.1,42.99382435,-81.26043748333333
03/02/2019_19:18:39,2.2,42.993802566666666,-81.26043556666667
03/02/2019_19:18:41,2.7,42.993797883333336,-81.26043336666666
03/02/2019_19:18:43,3.4,42.9937862,-81.26041533333333
03/02/2019_19:18:45,2.4,42.99377145,-81.26040125
03/02/2019_19:18:47,3.9,42.99375785,-81.26038685
03/02/2019_19:18:49,3.6,42.993731266666664,-81.26035251666667
03/02/2019_19:18:51,2.7,42.99371188333333,-81.26033326666666
03/02/2019_19:18:53,2.8,42.993702383333336,-81.26032431666667
03/02/2019_19:18:55,2.8,42.993709016666664,-81.26028611666666
03/02/2019_19:18:57,3.0,42.99370463333333,-81.26024301666666
03/02/2019_19:18:59,2.9,42.99369506666667,-81.2602011
03/02/2019_19:19:01,4.6,42.993693216666664,-81.2601634
03/02/2019_19:19:03,4.8,42.99370271666667,-81.26009995
03/02/2019_19:19:05,4.2,42.993685416666665,-81.2600599
03/02/2019_19:19:07,4.0,42.99367253333333,-81.26003898333333
03/02/2019_19:19:09,4.3,42.99363605,-81.26000551666667
03/02/2019_19:19:11,4.5,42.99360675,-81.2599681
03/02/2019_19:19:13,4.4,42.9935618,-81.25993248333333
03/02/2019_19:19:15,4.3,42.99353586666667,-81.25993108333333
03/02/2019_19:19:17,4.5,42.99350458333333,-81.25993325
03/02/2019_19:19:19,4.7,42.993498466666665,-81.25997636666666
03/02/2019_19:19:21,5.1,42.99348703333333,-81.26002406666667
03/02/2019_19:19:23,5.9,42.993467333333335,-81.26009221666666
03/02/2019_19:19:25,6.7,42.99343865,-81.26016795
03/02/2019_19:19:27,7.2,42.99342086666667,-81.2602275
03/02/2019_19:19:29,7.9,42.993396016666665,-81.26030771666667
03/02/2019_19:19:31,8.2,42.99336448333333,-81.26038623333334
03/02/2019_19:19:33,8.4,42.99333905,-81.26044158333333
03/02/2019_19:19:35,8.9,42.993309966666665,-81.26051526666667
03/02/2019_19:19:37,9.1,42.9932729,-81.26060185
03/02/2019_19:19:39,9.2,42.993247933333336,-81.26068293333333
03/02/2019_19:19:41,9.3,42.99322478333333,-81.2607593
03/02/2019_19:19:43,9.6,42.993203816666664,-81.26083508333333
03/02/2019_19:19:45,9.6,42.99317583333333,-81.26091391666667
03/02/2019_19:19:47,9.5,42.99315865,-81.26097983333334
03/02/2019_19:19:49,9.5,42.99313681666667,-81.26104176666666
03/02/2019_19:19:51,9.7,42.99312173333333,-81.26111736666667
03/02/2019_19:19:53,9.6,42.99310176666667,-81.26119688333333
03/02/2019_19:19:55,9.8,42.9930848,-81.26125726666666
03/02/2019_19:19:57,10.2,42.993058383333334,-81.26134246666666
03/02/2019_19:19:59,10.3,42.993035266666666,-81.26143443333333
03/02/2019_19:20:01,10.0,42.99301925,-81.26151706666667
03/02/2019_19:20:03,9.8,42.993020466666664,-81.26157911666667
03/02/2019_19:20:05,9.6,42.99301088333333,-81.2616564
03/02/2019_19:20:07,9.5,42.99299525,-81.26172311666667
03/02/2019_19:20:09,9.4,42.992985483333335,-81.26179375
03/02/2019_19:20:11,9.3,42.99297835,-81.2618601
03/02/2019_19:20:13,8.8,42.99301615,-81.26190298333333
03/02/2019_19:20:15,8.3,42.99303843333333,-81.26192015
03/02/2019_19:20:17,8.0,42.99307016666667,-81.26194235
03/02/2019_19:20:19,7.8,42.99311753333333,-81.26195721666667
03/02/2019_19:20:21,8.0,42.993170533333334,-81.26200213333334
03/02/2019_19:20:23,7.9,42.99321835,-81.2620829
03/02/2019_19:20:25,8.0,42.99324645,-81.26213788333334
03/02/2019_19:20:27,8.4,42.993307683333335,-81.26217831666666
03/02/2019_19:20:29,8.4,42.9933533,-81.26220573333333
03/02/2019_19:20:31,8.2,42.993393733333335,-81.2622336
03/02/2019_19:20:33,7.4,42.993431783333335,-81.26224101666666
03/02/2019_19:20:35,6.8,42.99347108333333,-81.26224976666667
03/02/2019_19:20:37,6.3,42.99348328333333,-81.26225795
03/02/2019_19:20:39,6.1,42.99350176666667,-81.2622668
03/02/2019_19:20:41,6.1,42.993566433333335,-81.26231206666667
03/02/2019_19:20:43,6.4,42.99362915,-81.26237528333333
03/02/2019_19:20:45,6.9,42.993693433333334,-81.26243228333334
03/02/2019_19:20:47,7.3,42.99376605,-81.26246626666666
03/02/2019_19:20:49,7.7,42.993826983333335,-81.2624822
03/02/2019_19:20:51,7.8,42.993874416666664,-81.26250261666667
03/02/2019_19:20:53,8.0,42.99391586666667,-81.26252765
03/02/2019_19:20:55,7.9,42.99395963333333,-81.26255121666667
03/02/2019_19:20:57,7.5,42.994003033333335,-81.26258341666667
03/02/2019_19:20:59,6.9,42.994040766666664,-81.26260746666667
03/02/2019_19:21:01,6.9,42.994079033333335,-81.2626361
03/02/2019_19:21:03,6.8,42.994148083333336,-81.26266578333333
03/02/2019_19:21:05,6.6,42.99419348333333,-81.26268645
03/02/2019_19:21:07,6.9,42.99424875,-81.26269451666667
03/02/2019_19:21:09,7.4,42.99430696666667,-81.26273705
03/02/2019_19:21:11,7.9,42.994354216666665,-81.2627912
03/02/2019_19:21:13,8.2,42.994405883333336,-81.26283335
03/02/2019_19:21:15,8.1,42.99444858333333,-81.26286111666667
03/02/2019_19:21:17,7.8,42.99447751666666,-81.26288113333334
03/02/2019_19:21:19,7.4,42.994510616666666,-81.26289533333333
03/02/2019_19:21:21,7.6,42.994550833333335,-81.2629236
03/02/2019_19:21:23,7.6,42.99461625,-81.26295843333334
03/02/2019_19:21:25,7.6,42.99467276666667,-81.2629761
03/02/2019_19:21:27,7.7,42.994724266666665,-81.26300223333334
03/02/2019_19:21:29,7.8,42.99477235,-81.26302865
03/02/2019_19:21:31,7.7,42.99482548333334,-81.26304598333333
03/02/2019_19:21:33,7.2,42.99486796666667,-81.26306773333333
03/02/2019_19:21:35,3.3,42.994891466666665,-81.26308826666667
03/02/2019_19:21:37,1.9,42.994903,-81.2630928
03/02/2019_19:21:39,0.2,42.994937566666664,-81.26310491666666
03/02/2019_19:21:41,2.6,42.994954566666664,-81.26311533333333
03/02/2019_19:21:43,3.5,42.99496635,-81.26312365
03/02/2019_19:21:45,2.2,42.99499131666666,-81.26313465
03/02/2019_19:21:47,2.3,42.995010916666665,-81.26315473333334
03/02/2019_19:21:49,3.0,42.99503125,-81.26316503333334
03/02/2019_19:21:51,3.4,42.99505778333334,-81.26318591666667
03/02/2019_19:21:53,4.5,42.99508895,-81.26320371666667
03/02/2019_19:21:55,4.6,42.9951304,-81.26323016666667
03/02/2019_19:21:57,4.5,42.99514978333333,-81.26324495
03/02/2019_19:21:59,2.0,42.995167333333335,-81.26325485
03/02/2019_19:22:01,2.2,42.99518891666666,-81.2632637
03/02/2019_19:22:03,3.2,42.99520035,-81.26326686666667
03/02/2019_19:22:05,4.4,42.995227783333334,-81.26327601666667
03/02/2019_19:22:07,4.6,42.995257566666666,-81.26328871666666
03/02/2019_19:22:09,4.9,42.995282083333336,-81.2633079
03/02/2019_19:22:11,5.0,42.995311316666665,-81.26332096666667
03/02/2019_19:22:13,4.8,42.995337066666664,-81.26333165
03/02/2019_19:22:15,4.7,42.9953621,-81.26333843333333
03/02/2019_19:22:17,4.5,42.9953897,-81.26334548333334
03/02/2019_19:22:19,4.4,42.995410983333336,-81.26335558333334
03/02/2019_19:22:21,4.3,42.9954325,-81.2633671
03/02/2019_19:22:23,4.3,42.9954544,-81.26337908333333
03/02/2019_19:22:25,4.4,42.99548001666667,-81.26338776666667
03/02/2019_19:22:27,4.4,42.99550555,-81.26339731666667
03/02/2019_19:22:29,4.7,42.99553016666667,-81.26340853333333
03/02/2019_19:22:31,4.6,42.99556093333333,-81.26342548333334
03/02/2019_19:22:33,4.5,42.99557671666667,-81.26343771666667
03/02/2019_19:22:35,4.5,42.99559636666667,-81.2634497
03/02/2019_19:22:37,4.6,42.99562013333333,-81.26345428333333
03/02/2019_19:22:39,4.6,42.99564513333333,-81.2634652
03/02/2019_19:22:41,4.6,42.995662716666665,-81.26348006666667
03/02/2019_19:22:43,4.8,42.995690716666665,-81.26348568333333
03/02/2019_19:22:45,4.8,42.9957155,-81.26349235
03/02/2019_19:22:47,4.8,42.99574005,-81.26349316666666
03/02/2019_19:22:49,4.9,42.99577061666667,-81.26349813333333
03/02/2019_19:22:51,4.6,42.995799416666664,-81.26349811666667
03/02/2019_19:22:53,4.4,42.995816616666666,-81.26350621666667
03/02/2019_19:22:55,4.3,42.995843533333336,-81.26352041666667
03/02/2019_19:22:57,4.2,42.99587363333333,-81.26353341666666
03/02/2019_19:22:59,4.0,42.995891783333335,-81.26353508333334
03/02/2019_19:23:01,3.8,42.99590395,-81.26356796666667
03/02/2019_19:23:03,2.2,42.99591323333333,-81.26358058333334
03/02/2019_19:23:05,5.1,42.99591401666667,-81.26358521666667
03/02/2019_19:23:07,5.0,42.99593095,-81.2636291
03/02/2019_19:23:09,4.2,42.995947566666665,-81.26365685
03/02/2019_19:23:11,3.9,42.99596385,-81.26368861666667
03/02/2019_19:23:13,3.8,42.995965133333335,-81.26371586666667
03/02/2019_19:23:15,3.9,42.9959515,-81.26375588333333
03/02/2019_19:23:17,3.7,42.995939666666665,-81.26380318333334
03/02/2019_19:23:19,3.5,42.99593316666667,-81.26384615
03/02/2019_19:23:21,2.3,42.995933216666664,-81.26386728333334
03/02/2019_19:23:23,4.4,42.9959456,-81.26391886666667
03/02/2019_19:23:25,5.3,42.9959778,-81.26396138333334
03/02/2019_19:23:27,6.2,42.99600241666667,-81.26398888333334
03/02/2019_19:23:29,6.4,42.99603716666667,-81.26401263333334
03/02/2019_19:23:31,6.5,42.996069883333334,-81.26403928333333
03/02/2019_19:23:33,6.8,42.9961078,-81.26406296666667
03/02/2019_19:23:35,6.9,42.99615975,-81.26409341666667
03/02/2019_19:23:37,7.3,42.996222816666666,-81.26411086666667
03/02/2019_19:23:39,7.3,42.996273216666665,-81.26416261666667
03/02/2019_19:23:41,7.5,42.996312366666665,-81.26419316666667
03/02/2019_19:23:43,7.1,42.99636063333333,-81.2642091
03/02/2019_19:23:45,6.6,42.996394683333335,-81.26422393333333
03/02/2019_19:23:47,6.1,42.99643755,-81.26422693333333
03/02/2019_19:23:49,5.8,42.99647435,-81.26424033333333
03/02/2019_19:23:51,5.6,42.99652821666667,-81.26424121666666
03/02/2019_19:23:53,5.5,42.99659401666667,-81.2642472
03/02/2019_19:23:55,5.7,42.99665383333333,-81.26423885
03/02/2019_19:23:57,6.1,42.9967293,-81.26423013333333
03/02/2019_19:23:59,6.6,42.9967762,-81.2642677
03/02/2019_19:24:01,6.9,42.996844816666666,-81.26429085
03/02/2019_19:24:03,7.1,42.996911716666666,-81.26427115
03/02/2019_19:24:05,7.0,42.99696168333333,-81.26426835
03/02/2019_19:24:07,6.9,42.9970069,-81.26426953333333
03/02/2019_19:24:09,6.9,42.9970535,-81.2642569
03/02/2019_19:24:11,7.0,42.9971009,-81.26424153333333
03/02/2019_19:24:13,7.2,42.99715915,-81.26423383333334
03/02/2019_19:24:15,7.5,42.9972128,-81.2642148
03/02/2019_19:24:17,7.8,42.997257516666664,-81.26420775
03/02/2019_19:24:19,7.9,42.997303233333334,-81.26420043333333
03/02/2019_19:24:21,8.1,42.99735651666667,-81.2641935
03/02/2019_19:24:23,8.1,42.99741486666667,-81.2641895
03/02/2019_19:24:25,8.2,42.99746085,-81.26418286666667
03/02/2019_19:24:27,8.2,42.997503916666666,-81.26417436666667
03/02/2019_19:24:29,8.1,42.997550583333336,-81.26417491666666
03/02/2019_19:24:31,8.1,42.99759831666667,-81.26416091666667
03/02/2019_19:24:33,8.0,42.997640833333335,-81.2641461
03/02/2019_19:24:35,7.9,42.997689066666666,-81.26414241666667
03/02/2019_19:24:37,7.8,42.99773906666667,-81.26413066666667
03/02/2019_19:24:39,7.7,42.99778315,-81.26412031666666
03/02/2019_19:24:41,7.8,42.997834233333336,-81.2641071
03/02/2019_19:24:43,7.8,42.99788268333333,-81.2640982
03/02/2019_19:24:45,7.7,42.99791986666666,-81.26409353333334
03/02/2019_19:24:47,7.6,42.99796596666667,-81.26408295
03/02/2019_19:24:49,7.7,42.99800788333334,-81.26407488333334
03/02/2019_19:24:51,7.9,42.99805451666667,-81.26406625
03/02/2019_19:24:53,8.1,42.9981044,-81.26405726666667
03/02/2019_19:24:55,8.3,42.998152966666666,-81.26404806666666
03/02/2019_19:24:57,8.3,42.9982054,-81.26404113333334
03/02/2019_19:24:59,8.3,42.99825581666666,-81.26403938333333
03/02/2019_19:25:01,8.3,42.9983046,-81.2640394
03/02/2019_19:25:03,8.2,42.99835265,-81.26403873333334
03/02/2019_19:25:05,8.1,42.99839613333333,-81.26403023333333
03/02/2019_19:25:07,8.1,42.99843205,-81.26401665
03/02/2019_19:25:09,7.9,42.998469533333335,-81.26400745
03/02/2019_19:25:11,7.8,42.9985078,-81.26399575
03/02/2019_19:25:13,7.9,42.99855563333333,-81.26398931666667
03/02/2019_19:25:15,7.9,42.99860828333333,-81.26398173333334
03/02/2019_19:25:17,7.8,42.99864105,-81.26393396666667
03/02/2019_19:25:19,7.5,42.99866526666667,-81.26388323333333
03/02/2019_19:25:21,7.2,42.99867183333333,-81.26383385
03/02/2019_19:25:23,7.1,42.99869391666667,-81.26377461666667
03/02/2019_19:25:25,7.1,42.998688183333336,-81.2636987
03/02/2019_19:25:27,6.9,42.9986995,-81.26364071666667
03/02/2019_19:25:29,6.7,42.99870046666667,-81.2635999
03/02/2019_19:25:31,7.0,42.998675633333335,-81.26354653333334
03/02/2019_19:25:33,7.3,42.99864171666667,-81.26346978333333
03/02/2019_19:25:35,7.4,42.998621166666666,-81.26338896666667
03/02/2019_19:25:37,7.4,42.9986095,-81.26334323333333
03/02/2019_19:25:39,7.4,42.99859908333333,-81.2632811
03/02/2019_19:25:41,7.4,42.998591866666665,-81.26322436666666
03/02/2019_19:25:43,7.4,42.99858045,-81.26314165
03/02/2019_19:25:45,7.4,42.9985731,-81.26307148333333
03/02/2019_19:25:47,7.4,42.99856735,-81.2629984
03/02/2019_19:25:49,7.3,42.99855566666667,-81.26293688333334
03/02/2019_19:25:51,7.3,42.99855425,-81.26287491666666
03/02/2019_19:25:53,7.1,42.9985457,-81.2628208
03/02/2019_19:25:55,6.8,42.99854248333333,-81.26277883333333
03/02/2019_19:25:57,6.8,42.99853456666666,-81.26273311666667
03/02/2019_19:25:59,6.9,42.99852056666667,-81.26267023333334
03/02/2019_19:26:01,7.0,42.998515033333334,-81.2626021
03/02/2019_19:26:03,7.2,42.99851465,-81.26254783333333
03/02/2019_19:26:05,7.4,42.99851356666667,-81.26246368333334
03/02/2019_19:26:07,7.6,42.99851605,-81.26238986666667
03/02/2019_19:26:09,7.9,42.998508533333336,-81.26231863333334
03/02/2019_19:26:11,8.1,42.9984913,-81.26223196666666
03/02/2019_19:26:13,8.3,42.998488916666666,-81.26216628333333
03/02/2019_19:26:15,8.2,42.99848375,-81.26209548333334
03/02/2019_19:26:17,8.3,42.99848156666667,-81.262039
03/02/2019_19:26:19,8.4,42.998468233333334,-81.26196568333333
03/02/2019_19:26:21,8.3,42.998457933333334,-81.26189286666667
03/02/2019_19:26:23,8.4,42.99844958333333,-81.26182993333333
03/02/2019_19:26:25,8.4,42.998439133333335,-81.26175498333333
03/02/2019_19:26:27,8.4,42.998420716666665,-81.26167618333334
03/02/2019_19:26:29,8.5,42.998400366666665,-81.26160406666666
03/02/2019_19:26:31,8.6,42.99837483333334,-81.26153943333334
03/02/2019_19:26:33,8.6,42.998346633333334,-81.26148436666666
03/02/2019_19:26:35,8.6,42.99831496666667,-81.2614471
03/02/2019_19:26:37,8.6,42.998285,-81.26141996666667
03/02/2019_19:26:39,8.7,42.99825353333333,-81.26138295
03/02/2019_19:26:41,8.8,42.99821883333333,-81.26134961666666
03/02/2019_19:26:43,8.8,42.99817831666667,-81.26131525
03/02/2019_19:26:45,8.8,42.99813736666667,-81.26128155
03/02/2019_19:26:47,8.8,42.99810063333334,-81.2612465
03/02/2019_19:26:49,8.8,42.99806835,-81.26120406666666
03/02/2019_19:26:51,8.5,42.99803691666666,-81.26117226666666
03/02/2019_19:26:53,8.3,42.99801373333333,-81.26114286666666
03/02/2019_19:26:55,8.3,42.9979838,-81.26109105
03/02/2019_19:26:57,8.4,42.997953433333336,-81.26103645
03/02/2019_19:26:59,8.5,42.997923533333335,-81.26098726666666
03/02/2019_19:27:01,8.5,42.99788405,-81.26093481666666
03/02/2019_19:27:03,8.3,42.99785406666667,-81.26088068333334
03/02/2019_19:27:05,8.1,42.99782881666667,-81.2608441
03/02/2019_19:27:07,8.0,42.997798816666666,-81.26080298333333
03/02/2019_19:27:09,7.7,42.99776501666667,-81.26075505
03/02/2019_19:27:11,7.4,42.99773555,-81.26071791666666
03/02/2019_19:27:13,7.3,42.997703433333335,-81.2606794
03/02/2019_19:27:15,7.1,42.99767533333333,-81.26064261666667
03/02/2019_19:27:17,7.0,42.99764035,-81.2606141
03/02/2019_19:27:19,7.0,42.99760821666667,-81.2605897
03/02/2019_19:27:21,7.0,42.99756558333333,-81.26057593333333
03/02/2019_19:27:23,7.3,42.997537816666664,-81.2605503
03/02/2019_19:27:25,7.6,42.99750186666667,-81.26051791666667
03/02/2019_19:27:27,7.6,42.9974646,-81.26049683333333
03/02/2019_19:27:29,7.5,42.997426266666665,-81.26048718333334
03/02/2019_19:27:31,7.5,42.997393216666666,-81.26047031666667
03/02/2019_19:27:33,7.4,42.99734946666667,-81.26044715
03/02/2019_19:27:35,7.3,42.9973095,-81.26042301666666
03/02/2019_19:27:37,7.2,42.99726303333333,-81.26040121666666
03/02/2019_19:27:39,7.1,42.997218116666666,-81.26038668333334
03/02/2019_19:27:41,7.1,42.997183033333336,-81.26036196666666
03/02/2019_19:27:43,7.0,42.99715296666667,-81.26032843333333
03/02/2019_19:27:45,6.9,42.9971185,-81.26028598333333
03/02/2019_19:27:47,6.7,42.99707578333334,-81.26024896666667
03/02/2019_19:27:49,6.6,42.99702906666667,-81.26021116666666
03/02/2019_19:27:51,6.6,42.99697675,-81.26018466666666
03/02/2019_19:27:53,6.4,42.9969319,-81.26016293333333
03/02/2019_19:27:55,6.3,42.99689368333333,-81.26016286666666
03/02/2019_19:27:57,6.2,42.99685636666667,-81.26015795
03/02/2019_19:27:59,6.3,42.9968105,-81.26015988333333
03/02/2019_19:28:01,6.2,42.996763216666665,-81.26016145
03/02/2019_19:28:03,6.4,42.99672761666667,-81.26015465
03/02/2019_19:28:05,6.5,42.99668475,-81.26015595
03/02/2019_19:28:07,6.3,42.9966421,-81.26017228333333
03/02/2019_19:28:09,6.2,42.9966032,-81.26019093333333
03/02/2019_19:28:11,6.2,42.99655933333333,-81.2602083
03/02/2019_19:28:13,6.3,42.99651518333334,-81.26021261666666
03/02/2019_19:28:15,6.2,42.99647733333333,-81.26021806666667
03/02/2019_19:28:17,6.1,42.996441983333334,-81.26022073333333
03/02/2019_19:28:19,6.0,42.9964084,-81.26022541666667
03/02/2019_19:28:21,6.0,42.996374233333334,-81.26022693333333
03/02/2019_19:28:23,6.1,42.99633776666667,-81.26023861666667
03/02/2019_19:28:25,6.2,42.99630525,-81.26025748333333
03/02/2019_19:28:27,6.4,42.99626075,-81.2602713
03/02/2019_19:28:29,6.6,42.99621635,-81.26029748333333
03/02/2019_19:28:31,6.6,42.996164,-81.26031526666667
03/02/2019_19:28:33,6.8,42.996130883333336,-81.26032578333333
03/02/2019_19:28:35,7.0,42.99609006666667,-81.26034263333334
03/02/2019_19:28:37,7.2,42.9960414,-81.26035668333333
03/02/2019_19:28:39,7.3,42.9959925,-81.26036358333333
03/02/2019_19:28:41,7.3,42.99594798333333,-81.26036631666666
03/02/2019_19:28:43,7.2,42.99590046666667,-81.26037116666667
03/02/2019_19:28:45,7.2,42.995856833333335,-81.26038933333334
03/02/2019_19:28:47,7.1,42.99580735,-81.26039701666667
03/02/2019_19:28:49,7.1,42.99576955,-81.26041243333333
03/02/2019_19:28:51,7.4,42.99571306666667,-81.2604034
03/02/2019_19:28:53,7.5,42.99565395,-81.26040653333334
03/02/2019_19:28:55,7.3,42.99560913333333,-81.26041
03/02/2019_19:28:57,7.2,42.99557013333333,-81.26040581666666
03/02/2019_19:28:59,7.1,42.99551865,-81.26039601666666
03/02/2019_19:29:01,6.8,42.99548083333333,-81.26038661666666
03/02/2019_19:29:03,6.7,42.99544171666667,-81.26038815
03/02/2019_19:29:05,6.6,42.995398933333334,-81.26038908333334
03/02/2019_19:29:07,6.4,42.99535636666667,-81.2603847
03/02/2019_19:29:09,6.1,42.995327333333336,-81.26037788333333
03/02/2019_19:29:11,6.2,42.995287,-81.2603889
03/02/2019_19:29:13,6.2,42.99523703333333,-81.26041246666666
03/02/2019_19:29:15,6.3,42.9952069,-81.2604304
03/02/2019_19:29:17,6.4,42.995157733333336,-81.26043476666666
03/02/2019_19:29:19,6.3,42.99511596666667,-81.26044316666666
03/02/2019_19:29:21,6.4,42.99506878333333,-81.26043746666667
03/02/2019_19:29:23,6.4,42.99502128333334,-81.26043556666667
03/02/2019_19:29:25,6.5,42.9949816,-81.26043878333333
03/02/2019_19:29:27,6.4,42.994930583333336,-81.26043861666666
03/02/2019_19:29:29,6.7,42.994897566666666,-81.26043945
03/02/2019_19:29:31,6.9,42.994846116666665,-81.260439
03/02/2019_19:29:33,7.0,42.9948045,-81.2604445
03/02/2019_19:29:35,6.9,42.99476405,-81.2604472
03/02/2019_19:29:37,6.8,42.994723566666664,-81.26044201666667
03/02/2019_19:29:39,6.8,42.99466408333333,-81.26045828333334
03/02/2019_19:29:41,6.7,42.994620233333336,-81.26046783333334
03/02/2019_19:29:43,6.4,42.994591666666665,-81.26048093333333
03/02/2019_19:29:45,6.3,42.99456195,-81.26049045
03/02/2019_19:29:47,6.3,42.99451525,-81.260504
03/02/2019_19:29:49,6.4,42.99446215,-81.2605131
03/02/2019_19:29:51,6.4,42.994409233333336,-81.26053796666666
03/02/2019_19:29:53,6.4,42.99436491666667,-81.26055028333333
03/02/2019_19:29:55,6.4,42.99432238333333,-81.26054986666666
03/02/2019_19:29:57,6.4,42.994290633333335,-81.26054378333333
03/02/2019_19:29:59,6.4,42.9942377,-81.26054406666667
03/02/2019_19:30:01,6.1,42.99420156666667,-81.26053036666667
03/02/2019_19:30:03,6.2,42.99417501666667,-81.26052478333334
03/02/2019_19:30:05,6.2,42.99412793333333,-81.26051191666667
03/02/2019_19:30:07,6.3,42.99407793333334,-81.26051011666667
03/02/2019_19:30:09,6.4,42.99402043333333,-81.2604874
03/02/2019_19:30:11,6.3,42.99397043333333,-81.2604728
03/02/2019_19:30:13,6.1,42.993923116666664,-81.26046768333333
03/02/2019_19:30:15,5.9,42.99387531666667,-81.2604726
03/02/2019_19:30:17,6.0,42.993801833333336,-81.26046501666667
03/02/2019_19:30:19,6.1,42.993756966666666,-81.26044063333333
03/02/2019_19:30:21,5.9,42.9937285,-81.26040756666667
03/02/2019_19:30:23,5.8,42.993699283333335,-81.26037071666667
03/02/2019_19:30:25,5.5,42.993693566666664,-81.26033276666666
03/02/2019_19:30:27,5.0,42.993686733333334,-81.26027871666666
03/02/2019_19:30:29,4.6,42.99367698333333,-81.26023055
03/02/2019_19:30:31,4.6,42.99366868333333,-81.26017281666667
03/02/2019_19:30:33,4.6,42.99366015,-81.26009408333333
03/02/2019_19:30:35,4.7,42.99365458333333,-81.26004656666667
03/02/2019_19:30:37,4.8,42.993641833333335,-81.25999316666666
03/02/2019_19:30:39,4.8,42.99362466666667,-81.25997786666667
03/02/2019_19:30:41,4.8,42.993592516666666,-81.25992295
03/02/2019_19:30:43,4.7,42.9935634,-81.25990461666666
03/02/2019_19:30:45,4.5,42.99353305,-81.25991176666666
03/02/2019_19:30:47,4.5,42.99350091666667,-81.2599365
03/02/2019_19:30:49,4.8,42.9934848,-81.2599666
03/02/2019_19:30:51,5.0,42.99346871666667,-81.2600128
03/02/2019_19:30:53,5.3,42.99345928333334,-81.2600628
03/02/2019_19:30:55,5.8,42.99344455,-81.26012328333333
03/02/2019_19:30:57,6.1,42.993427866666664,-81.26018533333334
03/02/2019_19:30:59,6.5,42.99340758333334,-81.26024001666667
03/02/2019_19:31:01,7.0,42.99338843333334,-81.26030633333333
03/02/2019_19:31:03,7.4,42.99336543333333,-81.26037485
03/02/2019_19:31:05,7.8,42.99335188333333,-81.26043878333333
03/02/2019_19:31:07,8.0,42.99333025,-81.2605004
03/02/2019_19:31:09,8.1,42.993311383333335,-81.26055588333334
03/02/2019_19:31:11,8.3,42.99329298333333,-81.26061306666666
03/02/2019_19:31:13,8.4,42.99327186666667,-81.26068076666667
03/02/2019_19:31:15,8.5,42.99324996666667,-81.26073636666666
03/02/2019_19:31:17,8.7,42.99323378333333,-81.26079466666667
03/02/2019_19:31:19,8.7,42.99321938333333,-81.26084941666667
03/02/2019_19:31:21,8.7,42.99319981666667,-81.26091033333333
03/02/2019_19:31:23,8.6,42.99318545,-81.26096796666667
03/02/2019_19:31:25,8.7,42.99316835,-81.2610227
03/02/2019_19:31:27,9.1,42.993150783333334,-81.26109175
03/02/2019_19:31:29,9.4,42.99312596666667,-81.26116523333333
03/02/2019_19:31:31,9.5,42.993100133333336,-81.2612352
03/02/2019_19:31:33,9.5,42.99307696666666,-81.2613032
03/02/2019_19:31:35,9.4,42.993052983333335,-81.26136376666666
03/02/2019_19:31:37,9.3,42.99303745,-81.26141718333334
03/02/2019_19:31:39,9.2,42.99301581666667,-81.26148711666667
03/02/2019_19:31:41,9.3,42.99299375,-81.26155276666667
03/02/2019_19:31:43,9.5,42.99297633333333,-81.26163416666667
03/02/2019_19:31:45,9.7,42.9929603,-81.26170968333334
03/02/2019_19:31:47,9.7,42.99294105,-81.26178941666667
03/02/2019_19:31:49,9.6,42.992929866666664,-81.26185436666667
03/02/2019_19:31:51,9.0,42.992931766666665,-81.2619199
03/02/2019_19:31:53,8.8,42.99295326666667,-81.26194441666667
03/02/2019_19:31:55,8.8,42.99300455,-81.26197568333333
03/02/2019_19:31:57,8.9,42.99305316666667,-81.26200143333334
03/02/2019_19:31:59,8.9,42.9931092,-81.26202821666666
03/02/2019_19:32:01,9.1,42.993146933333335,-81.26209476666666
03/02/2019_19:32:03,9.3,42.993202233333335,-81.26212481666667
03/02/2019_19:32:05,9.2,42.993268,-81.26213181666667
03/02/2019_19:32:07,8.8,42.99331146666667,-81.26215661666667
03/02/2019_19:32:09,8.5,42.99334558333334,-81.26216041666666
03/02/2019_19:32:11,8.6,42.9933901,-81.26218976666667
03/02/2019_19:32:13,8.0,42.99344371666667,-81.26223075
03/02/2019_19:32:15,7.8,42.993484433333336,-81.2622298
03/02/2019_19:32:17,7.8,42.99353675,-81.26224161666667
03/02/2019_19:32:19,7.8,42.993583066666666,-81.26226236666666
03/02/2019_19:32:21,8.0,42.99363653333333,-81.26228833333333
03/02/2019_19:32:23,8.1,42.99368603333333,-81.2623272
03/02/2019_19:32:25,8.0,42.99374305,-81.2623477
03/02/2019_19:32:27,7.8,42.993785083333336,-81.26237671666667
03/02/2019_19:32:29,7.7,42.99382785,-81.26239966666667
03/02/2019_19:32:31,7.8,42.993884333333334,-81.26241738333333
03/02/2019_19:32:33,8.1,42.99393385,-81.26245001666666
03/02/2019_19:32:35,8.2,42.99399303333333,-81.26247653333333
03/02/2019_19:32:37,8.1,42.99403585,-81.26249778333333
03/02/2019_19:32:39,8.2,42.99407888333333,-81.26251873333334
03/02/2019_19:32:41,8.2,42.994136133333335,-81.26254343333333
03/02/2019_19:32:43,8.0,42.99417458333333,-81.26255443333334
03/02/2019_19:32:45,7.8,42.99421355,-81.26258036666667
03/02/2019_19:32:47,7.7,42.99425205,-81.26261391666667
03/02/2019_19:32:49,7.9,42.99428566666667,-81.2626651
03/02/2019_19:32:51,8.1,42.99431021666667,-81.26272536666667
03/02/2019_19:32:53,8.3,42.994352666666664,-81.26276451666666
03/02/2019_19:32:55,8.5,42.99438658333333,-81.26280558333333
03/02/2019_19:32:57,8.6,42.99443215,-81.26284428333334
03/02/2019_19:32:59,8.5,42.99447451666666,-81.26286901666667
03/02/2019_19:33:01,8.6,42.994524033333335,-81.26288506666667
03/02/2019_19:33:03,8.7,42.99457053333333,-81.26291421666667
03/02/2019_19:33:05,8.8,42.9946151,-81.26293246666667
03/02/2019_19:33:07,8.8,42.994661566666664,-81.26295688333333
03/02/2019_19:33:09,8.8,42.99470386666667,-81.26297748333333
03/02/2019_19:33:11,8.7,42.9947534,-81.26300033333334
03/02/2019_19:33:13,8.5,42.99479361666667,-81.26302098333333
03/02/2019_19:33:15,8.3,42.99483273333333,-81.26304011666667
03/02/2019_19:33:17,7.6,42.99486623333333,-81.26305636666666
03/02/2019_19:33:19,4.1,42.9948845,-81.26307106666667
03/02/2019_19:33:21,3.1,42.99489505,-81.26308295
03/02/2019_19:33:23,3.7,42.99491571666667,-81.26309136666667
03/02/2019_19:33:25,3.5,42.994941583333336,-81.2630963
03/02/2019_19:33:27,2.2,42.99495686666667,-81.26310076666667
03/02/2019_19:33:29,2.7,42.99497031666667,-81.26311556666667
03/02/2019_19:33:31,2.8,42.9949894,-81.263125
03/02/2019_19:33:33,3.2,42.99501993333333,-81.26313466666667
03/02/2019_19:33:35,3.4,42.995034833333335,-81.26314226666666
03/02/2019_19:33:37,3.5,42.99504913333333,-81.2631599
03/02/2019_19:33:39,2.2,42.995068016666664,-81.26316085
03/02/2019_19:33:41,2.0,42.995091366666664,-81.26314473333333
03/02/2019_19:33:43,1.4,42.995112133333336,-81.26313518333333
03/02/2019_19:33:45,2.7,42.995112283333334,-81.26311875
03/02/2019_19:33:47,2.9,42.99509185,-81.26310675
03/02/2019_19:33:49,3.2,42.995071216666666,-81.26309086666667
03/02/2019_19:33:51,3.5,42.99506218333333,-81.26306861666667
03/02/2019_19:33:53,3.7,42.99504296666667,-81.26304275
03/02/2019_19:33:55,3.7,42.995028516666665,-81.26302505
03/02/2019_19:33:57,3.9,42.99500521666667,-81.26301596666667
03/02/2019_19:33:59,4.1,42.99497663333333,-81.26300675
03/02/2019_19:34:01,4.1,42.99495198333334,-81.26298996666667
03/02/2019_19:34:03,3.9,42.99493271666667,-81.26298376666666
03/02/2019_19:34:05,3.7,42.99491895,-81.26297183333334
03/02/2019_19:34:07,3.5,42.99490591666667,-81.2629563
03/02/2019_19:34:09,3.5,42.9948845,-81.26294933333334
03/02/2019_19:34:11,3.5,42.994857333333336,-81.26294336666666
03/02/2019_19:34:13,3.7,42.99483455,-81.2629366
03/02/2019_19:34:15,4.0,42.9948129,-81.26291901666667
03/02/2019_19:34:17,4.0,42.99478333333333,-81.26291821666666
03/02/2019_19:34:19,3.9,42.99476008333333,-81.26290678333334
03/02/2019_19:34:21,3.8,42.994739016666664,-81.2629004
03/02/2019_19:34:23,3.8,42.99471985,-81.2628897
03/02/2019_19:34:25,3.8,42.994696766666664,-81.26288036666666
03/02/2019_19:34:27,3.9,42.9946739,-81.26286304999999
03/02/2019_19:34:29,3.9,42.99465181666667,-81.2628496
03/02/2019_19:34:31,3.8,42.99463351666667,-81.26283211666667
03/02/2019_19:34:33,2.3,42.99461841666667,-81.26283011666666
03/02/2019_19:34:35,3.4,42.99460575,-81.26283385
03/02/2019_19:34:37,4.0,42.99460663333333,-81.26285678333333
03/02/2019_19:34:39,4.3,42.99460875,-81.2628958
03/02/2019_19:34:41,4.4,42.99461398333333,-81.26292315
03/02/2019_19:34:43,2.3,42.9946266,-81.26295556666666
03/02/2019_19:34:45,2.9,42.9946339,-81.26297088333334
03/02/2019_19:34:47,2.5,42.994644566666665,-81.26297716666667
03/02/2019_19:34:49,2.9,42.99465888333334,-81.26297848333333
03/02/2019_19:34:51,2.9,42.9946916,-81.26297745
03/02/2019_19:34:53,3.0,42.99471261666667,-81.26298713333334
03/02/2019_19:34:55,3.3,42.994739933333335,-81.26299575
03/02/2019_19:34:57,3.4,42.994758833333336,-81.26300691666667
03/02/2019_19:34:59,3.6,42.99478025,-81.2630165
03/02/2019_19:35:01,3.5,42.9948035,-81.26301901666666
03/02/2019_19:35:03,3.6,42.99482943333334,-81.26303296666667
03/02/2019_19:35:05,3.7,42.99486063333333,-81.26305018333333
03/02/2019_19:35:07,3.6,42.99487715,-81.26305751666666
03/02/2019_19:35:09,3.1,42.994893366666666,-81.26306745
03/02/2019_19:35:11,3.5,42.994897216666665,-81.26309571666667
03/02/2019_19:35:13,2.4,42.994892566666664,-81.26312428333334
03/02/2019_19:35:15,2.7,42.994886683333334,-81.2631337
03/02/2019_19:35:17,1.5,42.99487905,-81.26316008333333
03/02/2019_19:35:19,2.3,42.99487798333333,-81.26317375
03/02/2019_19:35:21,2.9,42.99487251666667,-81.26320595
03/02/2019_19:35:23,2.7,42.99486675,-81.26322336666667
03/02/2019_19:35:25,2.6,42.99486078333334,-81.26323621666667
03/02/2019_19:35:27,1.6,42.994861066666665,-81.26323311666667
03/02/2019_19:35:29,1.1,42.99486398333333,-81.26322233333333
03/02/2019_19:35:31,1.2,42.994864,-81.26322663333333
03/02/2019_19:35:33,1.4,42.99486278333333,-81.2632377
03/02/2019_19:35:35,2.0,42.99486088333333,-81.26324625
03/02/2019_19:35:37,2.2,42.99485763333333,-81.26325543333333
03/02/2019_19:35:39,3.1,42.99485923333334,-81.26325411666667
03/02/2019_19:35:41,1.4,42.99485741666667,-81.26328545
03/02/2019_19:35:43,1.1,42.99485816666667,-81.26327048333333
03/02/2019_19:35:45,0.1,42.99485848333333,-81.26326345
03/02/2019_19:35:47,0.0,42.9948547,-81.26323101666667
03/02/2019_19:35:49,0.8,42.99485703333333,-81.26322936666666
03/02/2019_19:35:51,0.2,42.994855183333335,-81.26322791666666
03/02/2019_19:35:53,0.1,42.99485385,-81.26322351666667
03/02/2019_19:35:55,0.0,42.99485333333333,-81.2632225
03/02/2019_19:35:57,0.2,42.994852566666665,-81.2632226
03/02/2019_19:35:59,3.0,42.9948522,-81.26322408333333
03/02/2019_19:36:01,2.1,42.99483563333333,-81.26322368333334
03/02/2019_19:36:03,1.5,42.99483095,-81.2632219
03/02/2019_19:36:05,0.8,42.994829683333336,-81.2632146
03/02/2019_19:36:07,0.1,42.99482951666667,-81.26321013333333
03/02/2019_19:36:09,1.3,42.99482978333333,-81.26320948333333
03/02/2019_19:36:11,1.0,42.99482868333333,-81.2632079
03/02/2019_19:36:13,3.0,42.994830533333335,-81.26318625
03/02/2019_19:36:15,3.4,42.99484141666667,-81.26318286666667
03/02/2019_19:36:17,3.6,42.9948192,-81.26315313333333
03/02/2019_19:36:19,4.1,42.99487666666667,-81.26320673333333
03/02/2019_19:36:21,4.4,42.99486705,-81.2632068
03/02/2019_19:36:23,2.9,42.99485083333333,-81.26318406666667
03/02/2019_19:36:25,2.8,42.99487456666667,-81.26321555
03/02/2019_19:36:27,2.7,42.994892666666665,-81.26324061666666
03/02/2019_19:36:29,2.7,42.99488026666667,-81.26326453333333
03/02/2019_19:36:31,2.2,42.99488016666667,-81.26328805
03/02/2019_19:36:33,0.1,42.99486721666667,-81.26329733333333
03/02/2019_19:36:35,1.0,42.994869083333334,-81.26329781666666
03/02/2019_19:36:37,2.5,42.99484793333333,-81.26325048333334
03/02/2019_19:36:39,1.2,42.994868483333335,-81.26323525
03/02/2019_19:36:41,1.0,42.99487276666667,-81.263226
03/02/2019_19:36:43,0.0,42.994874483333334,-81.26321743333334
03/02/2019_19:36:45,0.6,42.99487558333333,-81.26321931666666
03/02/2019_19:36:47,0.1,42.9948778,-81.26321263333334
03/02/2019_19:36:49,0.2,42.994878066666665,-81.26321168333334
03/02/2019_19:36:51,0.0,42.9948799,-81.26322015
03/02/2019_19:36:53,0.8,42.994880083333335,-81.2632177
03/02/2019_19:36:55,1.5,42.99488813333333,-81.26322355
03/02/2019_19:36:57,0.9,42.99488301666667,-81.2632246
03/02/2019_19:36:59,0.5,42.994884,-81.2632228
03/02/2019_19:37:01,0.2,42.994883683333335,-81.2632224
03/02/2019_19:37:03,0.8,42.9948746,-81.2632291
03/02/2019_19:37:05,0.6,42.99488066666667,-81.26319715
03/02/2019_19:37:07,0.5,42.99488063333333,-81.26319425
03/02/2019_19:37:09,0.2,42.994881666666664,-81.26319423333334
03/02/2019_19:37:11,0.2,42.994885133333334,-81.26319578333333
03/02/2019_19:37:13,0.2,42.994883466666664,-81.26319633333334
03/02/2019_19:37:15,0.2,42.99488398333333,-81.26319696666667
03/02/2019_19:37:17,0.9,42.994884283333334,-81.2631991
03/02/2019_19:37:19,1.6,42.99488003333333,-81.26320781666666
03/02/2019_19:37:21,0.2,42.99487508333333,-81.2632189
03/02/2019_19:37:23,1.7,42.99487305,-81.26322461666666
03/02/2019_19:37:25,2.1,42.9948848,-81.2632341
03/02/2019_19:37:27,1.2,42.994892633333336,-81.26323276666666
03/02/2019_19:37:29,0.0,42.994897566666666,-81.26322
03/02/2019_19:37:31,0.3,42.9948997,-81.26321941666667
03/02/2019_19:37:33,1.9,42.99489738333333,-81.26322371666667
03/02/2019_19:37:35,1.8,42.99489643333333,-81.2632246
03/02/2019_19:37:37,1.2,42.994893483333335,-81.26322083333334
03/02/2019_19:37:39,0.2,42.99489406666667,-81.2632286
03/02/2019_19:37:41,0.7,42.994894333333335,-81.26322821666666
03/02/2019_19:37:43,0.8,42.994900333333334,-81.2632373
03/02/2019_19:37:45,0.0,42.99490241666667,-81.26323451666667
03/02/2019_19:37:47,0.1,42.9949041,-81.26323381666667
03/02/2019_19:37:49,0.0,42.994906566666664,-81.26323323333334
03/02/2019_19:37:51,0.1,42.994908366666664,-81.26323266666667
03/02/2019_19:37:53,0.1,42.994910616666665,-81.2632319
03/02/2019_19:37:55,1.1,42.99491275,-81.26323306666667
03/02/2019_19:37:57,1.0,42.99490551666667,-81.26323015
03/02/2019_19:37:59,0.1,42.994893516666664,-81.26322503333333
03/02/2019_19:38:01,2.2,42.99489163333333,-81.26322355
03/02/2019_19:38:03,2.3,42.99488395,-81.26322996666667
03/02/2019_19:38:05,2.1,42.99485035,-81.26324331666666
03/02/2019_19:38:07,2.2,42.9948479,-81.26324773333333
03/02/2019_19:38:09,1.6,42.99486303333333,-81.26323593333333
03/02/2019_19:38:11,1.2,42.994865266666665,-81.2632183
03/02/2019_19:38:13,1.0,42.994866566666666,-81.26321958333334
03/02/2019_19:38:15,0.2,42.99487618333333,-81.26320828333333
03/02/2019_19:38:17,0.2,42.99490543333334,-81.2631846
03/02/2019_19:38:19,0.2,42.9949089,-81.26318101666666
03/02/2019_19:38:21,NA,NA,NA
03/02/2019_19:38:22,NA,NA,NA
03/02/2019_19:38:23,NA,NA,NA
03/02/2019_19:38:24,NA,NA,NA
03/02/2019_19:38:25,NA,NA,NA
03/02/2019_19:38:26,NA,NA,NA
03/02/2019_19:38:27,NA,NA,NA
03/02/2019_19:38:28,NA,NA,NA
03/02/2019_19:38:29,NA,NA,NA
03/02/2019_19:38:30,NA,NA,NA
03/02/2019_19:38:31,NA,NA,NA
03/02/2019_19:38:32,NA,NA,NA
03/02/2019_19:38:33,NA,NA,NA
03/02/2019_19:38:34,NA,NA,NA
03/02/2019_19:38:35,NA,NA,NA
03/02/2019_19:38:36,NA,NA,NA
03/02/2019_19:38:37,NA,NA,NA
03/02/2019_19:38:38,NA,NA,NA
03/02/2019_19:38:39,NA,NA,NA
03/02/2019_19:38:40,NA,NA,NA
03/02/2019_19:38:41,NA,NA,NA
03/02/2019_19:38:42,NA,NA,NA
03/02/2019_19:38:43,NA,NA,NA
03/02/2019_19:38:44,NA,NA,NA
03/02/2019_19:38:45,NA,NA,NA
03/02/2019_19:38:46,NA,NA,NA
03/02/2019_19:38:47,NA,NA,NA
03/02/2019_19:38:48,NA,NA,NA
03/02/2019_19:38:49,NA,NA,NA
03/02/2019_19:38:50,NA,NA,NA
03/02/2019_19:38:51,NA,NA,NA
03/02/2019_19:38:52,NA,NA,NA
03/02/2019_19:38:53,NA,NA,NA
03/02/2019_19:38:54,NA,NA,NA
03/02/2019_19:38:55,NA,NA,NA
03/02/2019_19:38:56,NA,NA,NA
03/02/2019_19:38:57,NA,NA,NA
03/02/2019_19:38:58,NA,NA,NA
03/02/2019_19:38:59,NA,NA,NA
03/02/2019_19:39:00,NA,NA,NA
03/02/2019_19:39:01,NA,NA,NA
03/02/2019_19:39:02,NA,NA,NA
03/02/2019_19:39:03,NA,NA,NA
03/02/2019_19:39:04,NA,NA,NA
03/02/2019_19:39:05,NA,NA,NA
03/02/2019_19:39:06,NA,NA,NA
03/02/2019_19:39:07,NA,NA,NA
03/02/2019_19:39:08,NA,NA,NA
03/02/2019_19:39:09,NA,NA,NA
03/02/2019_19:39:10,NA,NA,NA
03/02/2019_19:39:11,NA,NA,NA
03/02/2019_19:39:12,NA,NA,NA
03/02/2019_19:39:13,NA,NA,NA
03/02/2019_19:39:14,NA,NA,NA
03/02/2019_19:39:15,NA,NA,NA
03/02/2019_19:39:16,NA,NA,NA
03/02/2019_19:39:17,NA,NA,NA
03/02/2019_19:39:18,NA,NA,NA
03/02/2019_19:39:19,NA,NA,NA
03/02/2019_19:39:20,NA,NA,NA
03/02/2019_19:39:21,NA,NA,NA
03/02/2019_19:39:22,NA,NA,NA
03/02/2019_19:39:23,NA,NA,NA
03/02/2019_19:39:24,NA,NA,NA
03/02/2019_19:39:25,NA,NA,NA
03/02/2019_19:39:26,NA,NA,NA
03/02/2019_19:39:27,NA,NA,NA
03/02/2019_19:39:28,NA,NA,NA
03/02/2019_19:39:29,NA,NA,NA
03/02/2019_19:39:30,NA,NA,NA
03/02/2019_19:39:31,NA,NA,NA
03/02/2019_19:39:32,NA,NA,NA
03/02/2019_19:39:33,NA,NA,NA
03/02/2019_19:39:34,NA,NA,NA
03/02/2019_19:39:35,NA,NA,NA
03/02/2019_19:39:36,NA,NA,NA
03/02/2019_19:39:37,NA,NA,NA
03/02/2019_19:39:38,NA,NA,NA
03/02/2019_19:39:39,NA,NA,NA
03/02/2019_19:39:40,NA,NA,NA
03/02/2019_19:39:41,NA,NA,NA
03/02/2019_19:39:42,NA,NA,NA
03/02/2019_19:39:43,NA,NA,NA
03/02/2019_19:39:44,NA,NA,NA
03/02/2019_19:39:45,NA,NA,NA
03/02/2019_19:39:46,NA,NA,NA
03/02/2019_19:39:47,NA,NA,NA
03/02/2019_19:39:48,NA,NA,NA
03/02/2019_19:39:49,NA,NA,NA
03/02/2019_19:39:50,NA,NA,NA
03/02/2019_19:39:51,NA,NA,NA
03/02/2019_19:39:52,NA,NA,NA
03/02/2019_19:39:53,NA,NA,NA
03/02/2019_19:39:54,NA,NA,NA
03/02/2019_19:39:55,NA,NA,NA
03/02/2019_19:39:56,NA,NA,NA
03/02/2019_19:39:57,NA,NA,NA
03/02/2019_19:39:58,NA,NA,NA
03/02/2019_19:39:59,NA,NA,NA
03/02/2019_19:40:00,NA,NA,NA
03/02/2019_19:40:01,NA,NA,NA
03/02/2019_19:40:02,NA,NA,NA
03/02/2019_19:40:03,NA,NA,NA
03/02/2019_19:40:04,NA,NA,NA
03/02/2019_19:40:05,NA,NA,NA
03/02/2019_19:40:06,NA,NA,NA
03/02/2019_19:40:07,NA,NA,NA
03/02/2019_19:40:08,NA,NA,NA
03/02/2019_19:40:09,NA,NA,NA
03/02/2019_19:40:10,NA,NA,NA
03/02/2019_19:40:11,NA,NA,NA
03/02/2019_19:40:12,NA,NA,NA
03/02/2019_19:40:13,NA,NA,NA
03/02/2019_19:40:14,NA,NA,NA
03/02/2019_19:40:15,NA,NA,NA
03/02/2019_19:40:16,NA,NA,NA
03/02/2019_19:40:17,NA,NA,NA
03/02/2019_19:40:18,NA,NA,NA
03/02/2019_19:40:19,NA,NA,NA
03/02/2019_19:40:20,NA,NA,NA
03/02/2019_19:40:21,NA,NA,NA
03/02/2019_19:40:22,NA,NA,NA
03/02/2019_19:40:23,NA,NA,NA
03/02/2019_19:40:24,NA,NA,NA
03/02/2019_19:40:25,NA,NA,NA
03/02/2019_19:40:26,NA,NA,NA
03/02/2019_19:40:27,NA,NA,NA
03/02/2019_19:40:28,NA,NA,NA
03/02/2019_19:40:29,NA,NA,NA
03/02/2019_19:40:30,NA,NA,NA
03/02/2019_19:40:31,NA,NA,NA
03/02/2019_19:40:32,NA,NA,NA
03/02/2019_19:40:33,NA,NA,NA
03/02/2019_19:40:34,NA,NA,NA
03/02/2019_19:40:35,NA,NA,NA
03/02/2019_19:40:36,NA,NA,NA
03/02/2019_19:40:37,NA,NA,NA
03/02/2019_19:40:38,NA,NA,NA
03/02/2019_19:40:39,NA,NA,NA
03/02/2019_19:40:40,NA,NA,NA
03/02/2019_19:40:41,NA,NA,NA
03/02/2019_19:40:42,NA,NA,NA
03/02/2019_19:40:43,NA,NA,NA
03/02/2019_19:40:44,NA,NA,NA
03/02/2019_19:40:45,NA,NA,NA
03/02/2019_19:40:46,NA,NA,NA
03/02/2019_19:40:47,NA,NA,NA
03/02/2019_19:40:48,NA,NA,NA
03/02/2019_19:40:49,NA,NA,NA
03/02/2019_19:40:50,NA,NA,NA
03/02/2019_19:40:51,NA,NA,NA
03/02/2019_19:40:52,NA,NA,NA
03/02/2019_19:40:53,NA,NA,NA
03/02/2019_19:40:54,NA,NA,NA
03/02/2019_19:40:55,NA,NA,NA
03/02/2019_19:40:56,NA,NA,NA
03/02/2019_19:40:57,NA,NA,NA
03/02/2019_19:40:58,NA,NA,NA
03/02/2019_19:40:59,NA,NA,NA
03/02/2019_19:41:00,NA,NA,NA
03/02/2019_19:41:01,NA,NA,NA
03/02/2019_19:41:02,NA,NA,NA
03/02/2019_19:41:03,NA,NA,NA
03/02/2019_19:41:04,NA,NA,NA
03/02/2019_19:41:05,NA,NA,NA
03/02/2019_19:41:07,NA,NA,NA
03/02/2019_19:41:08,NA,NA,NA
03/02/2019_19:41:09,NA,NA,NA
03/02/2019_19:41:10,NA,NA,NA
03/02/2019_19:41:11,NA,NA,NA
03/02/2019_19:41:12,NA,NA,NA
03/02/2019_19:41:13,NA,NA,NA
03/02/2019_19:41:14,NA,NA,NA
03/02/2019_19:41:15,NA,NA,NA
03/02/2019_19:41:16,NA,NA,NA
03/02/2019_19:41:17,NA,NA,NA
03/02/2019_19:41:18,NA,NA,NA
03/02/2019_19:41:19,NA,NA,NA
03/02/2019_19:41:20,NA,NA,NA
03/02/2019_19:41:21,NA,NA,NA
03/02/2019_19:41:22,NA,NA,NA
03/02/2019_19:41:23,NA,NA,NA
03/02/2019_19:41:24,NA,NA,NA
03/02/2019_19:41:25,NA,NA,NA
03/02/2019_19:41:26,NA,NA,NA
03/02/2019_19:41:27,NA,NA,NA
03/02/2019_19:41:28,NA,NA,NA
03/02/2019_19:41:29,NA,NA,NA
03/02/2019_19:41:30,NA,NA,NA
03/02/2019_19:41:31,NA,NA,NA
03/02/2019_19:41:32,NA,NA,NA
03/02/2019_19:41:33,NA,NA,NA
03/02/2019_19:41:34,NA,NA,NA
03/02/2019_19:41:35,NA,NA,NA
03/02/2019_19:41:36,NA,NA,NA
03/02/2019_19:41:37,NA,NA,NA
03/02/2019_19:41:38,NA,NA,NA
03/02/2019_19:41:39,NA,NA,NA
03/02/2019_19:41:40,NA,NA,NA
03/02/2019_19:41:41,NA,NA,NA
03/02/2019_19:41:42,NA,NA,NA
03/02/2019_19:41:43,NA,NA,NA
03/02/2019_19:41:44,NA,NA,NA
03/02/2019_19:41:45,NA,NA,NA
03/02/2019_19:41:46,NA,NA,NA
03/02/2019_19:41:47,NA,NA,NA
03/02/2019_19:41:48,NA,NA,NA
03/02/2019_19:41:49,NA,NA,NA
03/02/2019_19:41:50,NA,NA,NA
03/02/2019_19:41:51,NA,NA,NA
03/02/2019_19:41:52,NA,NA,NA
03/02/2019_19:41:53,NA,NA,NA
03/02/2019_19:41:54,NA,NA,NA
03/02/2019_19:41:55,NA,NA,NA
03/02/2019_19:41:56,NA,NA,NA
03/02/2019_19:41:57,NA,NA,NA
03/02/2019_19:41:58,NA,NA,NA
03/02/2019_19:41:59,NA,NA,NA
03/02/2019_19:42:00,NA,NA,NA
03/02/2019_19:42:01,NA,NA,NA
03/02/2019_19:42:02,NA,NA,NA
03/02/2019_19:42:03,NA,NA,NA
03/02/2019_19:42:04,NA,NA,NA
03/02/2019_19:42:05,NA,NA,NA
03/02/2019_19:42:06,NA,NA,NA
03/02/2019_19:42:07,NA,NA,NA
03/02/2019_19:42:08,NA,NA,NA
03/02/2019_19:42:09,NA,NA,NA
03/02/2019_19:42:10,NA,NA,NA
03/02/2019_19:42:11,NA,NA,NA
03/02/2019_19:42:12,NA,NA,NA
03/02/2019_19:42:13,NA,NA,NA
03/02/2019_19:42:14,NA,NA,NA
03/02/2019_19:42:15,NA,NA,NA
03/02/2019_19:42:16,NA,NA,NA
03/02/2019_19:42:17,NA,NA,NA
03/02/2019_19:42:18,NA,NA,NA
03/02/2019_19:42:19,NA,NA,NA
03/02/2019_19:42:20,NA,NA,NA
03/02/2019_19:42:21,NA,NA,NA
03/02/2019_19:42:22,NA,NA,NA
03/02/2019_19:42:23,NA,NA,NA
03/02/2019_19:42:24,NA,NA,NA
03/02/2019_19:42:25,NA,NA,NA
03/02/2019_19:42:26,NA,NA,NA
03/02/2019_19:42:27,NA,NA,NA
03/02/2019_19:42:28,NA,NA,NA
03/02/2019_19:42:29,NA,NA,NA
03/02/2019_19:42:30,NA,NA,NA
03/02/2019_19:42:31,NA,NA,NA
03/02/2019_19:42:32,NA,NA,NA
03/02/2019_19:42:33,NA,NA,NA
03/02/2019_19:42:34,NA,NA,NA
03/02/2019_19:42:35,NA,NA,NA
03/02/2019_19:42:36,NA,NA,NA
03/02/2019_19:42:37,NA,NA,NA
03/02/2019_19:42:38,NA,NA,NA
03/02/2019_19:42:39,NA,NA,NA
03/02/2019_19:42:40,NA,NA,NA
03/02/2019_19:42:41,NA,NA,NA
03/02/2019_19:42:42,NA,NA,NA
03/02/2019_19:42:43,NA,NA,NA
03/02/2019_19:42:44,NA,NA,NA
03/02/2019_19:42:45,NA,NA,NA
03/02/2019_19:42:46,NA,NA,NA
03/02/2019_19:42:47,NA,NA,NA
03/02/2019_19:42:48,NA,NA,NA
03/02/2019_19:42:49,NA,NA,NA
03/02/2019_19:42:50,NA,NA,NA
03/02/2019_19:42:51,NA,NA,NA
03/02/2019_19:42:52,NA,NA,NA
03/02/2019_19:42:53,NA,NA,NA
03/02/2019_19:42:54,NA,NA,NA
03/02/2019_19:42:55,NA,NA,NA
03/02/2019_19:42:56,NA,NA,NA
03/02/2019_19:42:57,NA,NA,NA
03/02/2019_19:42:58,NA,NA,NA
03/02/2019_19:42:59,NA,NA,NA
03/02/2019_19:43:00,NA,NA,NA
03/02/2019_19:43:01,NA,NA,NA
03/02/2019_19:43:02,NA,NA,NA
03/02/2019_19:43:03,NA,NA,NA
03/02/2019_19:43:04,NA,NA,NA
03/02/2019_19:43:05,NA,NA,NA
03/02/2019_19:43:06,NA,NA,NA
03/02/2019_19:43:07,NA,NA,NA
03/02/2019_19:43:08,NA,NA,NA
03/02/2019_19:43:09,NA,NA,NA
03/02/2019_19:43:10,NA,NA,NA
03/02/2019_19:43:11,NA,NA,NA
03/02/2019_19:43:12,NA,NA,NA
03/02/2019_19:43:13,NA,NA,NA
03/02/2019_19:43:14,NA,NA,NA
03/02/2019_19:43:15,NA,NA,NA
03/02/2019_19:43:16,NA,NA,NA
03/02/2019_19:43:17,NA,NA,NA
03/02/2019_19:43:18,NA,NA,NA
03/02/2019_19:43:19,NA,NA,NA
03/02/2019_19:43:20,NA,NA,NA
03/02/2019_19:43:21,NA,NA,NA
03/02/2019_19:43:22,NA,NA,NA
03/02/2019_19:43:23,NA,NA,NA
03/02/2019_19:43:24,NA,NA,NA
03/02/2019_19:43:25,NA,NA,NA
03/02/2019_19:43:26,NA,NA,NA
03/02/2019_19:43:27,NA,NA,NA
03/02/2019_19:43:28,NA,NA,NA
03/02/2019_19:43:29,NA,NA,NA
03/02/2019_19:43:30,NA,NA,NA
03/02/2019_19:43:31,NA,NA,NA
03/02/2019_19:43:32,NA,NA,NA
03/02/2019_19:43:33,NA,NA,NA
03/02/2019_19:43:34,NA,NA,NA
03/02/2019_19:43:35,NA,NA,NA
03/02/2019_19:43:36,NA,NA,NA
03/02/2019_19:43:37,NA,NA,NA
03/02/2019_19:43:38,NA,NA,NA
03/02/2019_19:43:39,NA,NA,NA
03/02/2019_19:43:40,NA,NA,NA
03/02/2019_19:43:41,NA,NA,NA
03/02/2019_19:43:42,NA,NA,NA
03/02/2019_19:43:43,NA,NA,NA
03/02/2019_19:43:44,NA,NA,NA
03/02/2019_19:43:45,NA,NA,NA
03/02/2019_19:43:46,NA,NA,NA
03/02/2019_19:43:47,NA,NA,NA
03/02/2019_19:43:48,NA,NA,NA
03/02/2019_19:43:49,NA,NA,NA
03/02/2019_19:43:50,NA,NA,NA
03/02/2019_19:43:51,NA,NA,NA
03/02/2019_19:43:52,NA,NA,NA
03/02/2019_19:43:53,NA,NA,NA
03/02/2019_19:43:54,NA,NA,NA
03/02/2019_19:43:55,NA,NA,NA
03/02/2019_19:43:56,NA,NA,NA
03/02/2019_19:43:57,NA,NA,NA
03/02/2019_19:43:58,NA,NA,NA
03/02/2019_19:43:59,NA,NA,NA
03/02/2019_19:44:00,NA,NA,NA
03/02/2019_19:44:01,NA,NA,NA
03/02/2019_19:44:02,NA,NA,NA
03/02/2019_19:44:03,NA,NA,NA
03/02/2019_19:44:04,NA,NA,NA
03/02/2019_19:44:05,NA,NA,NA
03/02/2019_19:44:06,NA,NA,NA
03/02/2019_19:44:07,NA,NA,NA
03/02/2019_19:44:08,NA,NA,NA
03/02/2019_19:44:09,NA,NA,NA
03/02/2019_19:44:11,NA,NA,NA
03/02/2019_19:44:12,NA,NA,NA
03/02/2019_19:44:13,NA,NA,NA
03/02/2019_19:44:14,NA,NA,NA
03/02/2019_19:44:15,NA,NA,NA
03/02/2019_19:44:16,NA,NA,NA
03/02/2019_19:44:17,NA,NA,NA
03/02/2019_19:44:18,NA,NA,NA
03/02/2019_19:44:19,NA,NA,NA
03/02/2019_19:44:20,NA,NA,NA
03/02/2019_19:44:21,NA,NA,NA
03/02/2019_19:44:22,NA,NA,NA
03/02/2019_19:44:23,NA,NA,NA
03/02/2019_19:44:24,NA,NA,NA
03/02/2019_19:44:25,NA,NA,NA
03/02/2019_19:44:26,NA,NA,NA
03/02/2019_19:44:27,NA,NA,NA
03/02/2019_19:44:28,NA,NA,NA
03/02/2019_19:44:29,NA,NA,NA
03/02/2019_19:44:30,NA,NA,NA
03/02/2019_19:44:31,NA,NA,NA
03/02/2019_19:44:32,NA,NA,NA
03/02/2019_19:44:33,NA,NA,NA
03/02/2019_19:44:34,NA,NA,NA
03/02/2019_19:44:35,NA,NA,NA
03/02/2019_19:44:36,NA,NA,NA
03/02/2019_19:44:37,NA,NA,NA
03/02/2019_19:44:38,NA,NA,NA
03/02/2019_19:44:39,NA,NA,NA
03/02/2019_19:44:40,NA,NA,NA
03/02/2019_19:44:41,NA,NA,NA
03/02/2019_19:44:42,NA,NA,NA
03/02/2019_19:44:43,NA,NA,NA
03/02/2019_19:44:44,NA,NA,NA
03/02/2019_19:44:45,NA,NA,NA
03/02/2019_19:44:46,NA,NA,NA
03/02/2019_19:44:47,NA,NA,NA
03/02/2019_19:44:48,NA,NA,NA
03/02/2019_19:44:49,NA,NA,NA
03/02/2019_19:44:50,NA,NA,NA
03/02/2019_19:44:51,NA,NA,NA
03/02/2019_19:44:52,NA,NA,NA
03/02/2019_19:44:53,NA,NA,NA
03/02/2019_19:44:54,NA,NA,NA
03/02/2019_19:44:55,NA,NA,NA
03/02/2019_19:44:56,NA,NA,NA
03/02/2019_19:44:57,NA,NA,NA
03/02/2019_19:44:58,NA,NA,NA
03/02/2019_19:44:59,NA,NA,NA
03/02/2019_19:45:00,NA,NA,NA
03/02/2019_19:45:01,NA,NA,NA
03/02/2019_19:45:02,NA,NA,NA
03/02/2019_19:45:03,NA,NA,NA
03/02/2019_19:45:04,NA,NA,NA
03/02/2019_19:45:05,NA,NA,NA
03/02/2019_19:45:06,NA,NA,NA
03/02/2019_19:45:07,NA,NA,NA
03/02/2019_19:45:08,NA,NA,NA
03/02/2019_19:45:09,NA,NA,NA
03/02/2019_19:45:10,NA,NA,NA
03/02/2019_19:45:11,NA,NA,NA
03/02/2019_19:45:12,NA,NA,NA
03/02/2019_19:45:13,NA,NA,NA
03/02/2019_19:45:14,NA,NA,NA
03/02/2019_19:45:15,NA,NA,NA
03/02/2019_19:45:16,NA,NA,NA
03/02/2019_19:45:17,NA,NA,NA
03/02/2019_19:45:18,NA,NA,NA
03/02/2019_19:45:19,NA,NA,NA
03/02/2019_19:45:20,NA,NA,NA
03/02/2019_19:45:21,NA,NA,NA
03/02/2019_19:45:22,NA,NA,NA
03/02/2019_19:45:23,NA,NA,NA
03/02/2019_19:45:24,NA,NA,NA
03/02/2019_19:45:25,NA,NA,NA
03/02/2019_19:45:26,NA,NA,NA
03/02/2019_19:45:27,NA,NA,NA
03/02/2019_19:45:28,NA,NA,NA
03/02/2019_19:45:29,NA,NA,NA
03/02/2019_19:45:30,NA,NA,NA
03/02/2019_19:45:31,NA,NA,NA
03/02/2019_19:45:32,NA,NA,NA
03/02/2019_19:45:33,NA,NA,NA
03/02/2019_19:45:34,NA,NA,NA
03/02/2019_19:45:35,NA,NA,NA
03/02/2019_19:45:36,NA,NA,NA
03/02/2019_19:45:37,NA,NA,NA
03/02/2019_19:45:38,NA,NA,NA
03/02/2019_19:45:39,NA,NA,NA
03/02/2019_19:45:40,NA,NA,NA
03/02/2019_19:45:41,NA,NA,NA
03/02/2019_19:45:42,NA,NA,NA
03/02/2019_19:45:43,NA,NA,NA
03/02/2019_19:45:44,NA,NA,NA
03/02/2019_19:45:45,NA,NA,NA
03/02/2019_19:45:46,NA,NA,NA
03/02/2019_19:45:47,NA,NA,NA
03/02/2019_19:45:48,NA,NA,NA
03/02/2019_19:45:49,NA,NA,NA
03/02/2019_19:45:50,NA,NA,NA
03/02/2019_19:45:51,NA,NA,NA
03/02/2019_19:45:52,NA,NA,NA
03/02/2019_19:45:53,NA,NA,NA
03/02/2019_19:45:54,NA,NA,NA
03/02/2019_19:45:55,NA,NA,NA
03/02/2019_19:45:56,NA,NA,NA
03/02/2019_19:45:57,NA,NA,NA
03/02/2019_19:45:58,NA,NA,NA
03/02/2019_19:45:59,NA,NA,NA
03/02/2019_19:46:00,NA,NA,NA
03/02/2019_19:46:01,NA,NA,NA
03/02/2019_19:46:02,NA,NA,NA
03/02/2019_19:46:03,NA,NA,NA
03/02/2019_19:46:04,NA,NA,NA
03/02/2019_19:46:05,NA,NA,NA
03/02/2019_19:46:06,NA,NA,NA
03/02/2019_19:46:07,NA,NA,NA
03/02/2019_19:46:08,NA,NA,NA
03/02/2019_19:46:09,NA,NA,NA
03/02/2019_19:46:10,NA,NA,NA
03/02/2019_19:46:11,NA,NA,NA
03/02/2019_19:46:12,NA,NA,NA
03/02/2019_19:46:13,NA,NA,NA
03/02/2019_19:46:14,NA,NA,NA
03/02/2019_19:46:15,NA,NA,NA
03/02/2019_19:46:16,NA,NA,NA
03/02/2019_19:46:17,NA,NA,NA
03/02/2019_19:46:18,NA,NA,NA
03/02/2019_19:46:19,NA,NA,NA
03/02/2019_19:46:20,NA,NA,NA
03/02/2019_19:46:21,NA,NA,NA
03/02/2019_19:46:22,NA,NA,NA
03/02/2019_19:46:23,NA,NA,NA
03/02/2019_19:46:24,NA,NA,NA
03/02/2019_19:46:25,NA,NA,NA
03/02/2019_19:46:26,NA,NA,NA
03/02/2019_19:46:27,NA,NA,NA
03/02/2019_19:46:28,NA,NA,NA
03/02/2019_19:46:29,NA,NA,NA
03/02/2019_19:46:30,NA,NA,NA
03/02/2019_19:46:31,NA,NA,NA
03/02/2019_19:46:32,NA,NA,NA
03/02/2019_19:46:33,NA,NA,NA
03/02/2019_19:46:34,NA,NA,NA
03/02/2019_19:46:35,NA,NA,NA
03/02/2019_19:46:36,NA,NA,NA
03/02/2019_19:46:37,NA,NA,NA
03/02/2019_19:46:38,NA,NA,NA
03/02/2019_19:46:39,NA,NA,NA
03/02/2019_19:46:40,NA,NA,NA
03/02/2019_19:46:41,NA,NA,NA
03/02/2019_19:46:42,NA,NA,NA
03/02/2019_19:46:43,NA,NA,NA
03/02/2019_19:46:44,NA,NA,NA
03/02/2019_19:46:45,NA,NA,NA
03/02/2019_19:46:46,NA,NA,NA
03/02/2019_19:46:47,NA,NA,NA
03/02/2019_19:46:48,NA,NA,NA
03/02/2019_19:46:49,NA,NA,NA
03/02/2019_19:46:50,NA,NA,NA
03/02/2019_19:46:51,NA,NA,NA
03/02/2019_19:46:52,NA,NA,NA
03/02/2019_19:46:53,NA,NA,NA
03/02/2019_19:46:54,NA,NA,NA
03/02/2019_19:46:55,NA,NA,NA
03/02/2019_19:46:56,NA,NA,NA
03/02/2019_19:46:57,NA,NA,NA
03/02/2019_19:46:58,NA,NA,NA
03/02/2019_19:46:59,NA,NA,NA
03/02/2019_19:47:00,NA,NA,NA
03/02/2019_19:47:01,NA,NA,NA
03/02/2019_19:47:02,NA,NA,NA
03/02/2019_19:47:03,NA,NA,NA
03/02/2019_19:47:04,NA,NA,NA
03/02/2019_19:47:05,NA,NA,NA
03/02/2019_19:47:06,NA,NA,NA
03/02/2019_19:47:07,NA,NA,NA
03/02/2019_19:47:08,NA,NA,NA
03/02/2019_19:47:09,NA,NA,NA
03/02/2019_19:47:10,NA,NA,NA
03/02/2019_19:47:11,NA,NA,NA
03/02/2019_19:47:12,NA,NA,NA
03/02/2019_19:47:13,NA,NA,NA
03/02/2019_19:47:15,NA,NA,NA
03/02/2019_19:47:16,NA,NA,NA
03/02/2019_19:47:17,NA,NA,NA
03/02/2019_19:47:18,NA,NA,NA
03/02/2019_19:47:19,NA,NA,NA
03/02/2019_19:47:20,NA,NA,NA
03/02/2019_19:47:21,NA,NA,NA
03/02/2019_19:47:22,NA,NA,NA
03/02/2019_19:47:23,NA,NA,NA
03/02/2019_19:47:24,NA,NA,NA
03/02/2019_19:47:25,NA,NA,NA
03/02/2019_19:47:26,NA,NA,NA
03/02/2019_19:47:27,NA,NA,NA
03/02/2019_19:47:28,NA,NA,NA
03/02/2019_19:47:29,NA,NA,NA
03/02/2019_19:47:30,NA,NA,NA
03/02/2019_19:47:31,NA,NA,NA
03/02/2019_19:47:32,NA,NA,NA
03/02/2019_19:47:33,NA,NA,NA
03/02/2019_19:47:34,NA,NA,NA
03/02/2019_19:47:35,NA,NA,NA
03/02/2019_19:47:36,NA,NA,NA
03/02/2019_19:47:37,NA,NA,NA
03/02/2019_19:47:38,NA,NA,NA
03/02/2019_19:47:39,NA,NA,NA
03/02/2019_19:47:40,NA,NA,NA
03/02/2019_19:47:41,NA,NA,NA
03/02/2019_19:47:42,NA,NA,NA
03/02/2019_19:47:43,NA,NA,NA
03/02/2019_19:47:44,NA,NA,NA
03/02/2019_19:47:45,NA,NA,NA
03/02/2019_19:47:46,NA,NA,NA
03/02/2019_19:47:47,NA,NA,NA
03/02/2019_19:47:48,NA,NA,NA
03/02/2019_19:47:49,NA,NA,NA
03/02/2019_19:47:50,NA,NA,NA
03/02/2019_19:47:51,NA,NA,NA
03/02/2019_19:47:52,NA,NA,NA
03/02/2019_19:47:53,NA,NA,NA
03/02/2019_19:47:54,NA,NA,NA
03/02/2019_19:47:55,NA,NA,NA
03/02/2019_19:47:56,NA,NA,NA
03/02/2019_19:47:57,NA,NA,NA
03/02/2019_19:47:58,NA,NA,NA
03/02/2019_19:47:59,NA,NA,NA
03/02/2019_19:48:00,NA,NA,NA
03/02/2019_19:48:01,NA,NA,NA
03/02/2019_19:48:02,NA,NA,NA
03/02/2019_19:48:03,NA,NA,NA
03/02/2019_19:48:04,NA,NA,NA
03/02/2019_19:48:05,NA,NA,NA
03/02/2019_19:48:06,NA,NA,NA
03/02/2019_19:48:07,NA,NA,NA
03/02/2019_19:48:08,NA,NA,NA
03/02/2019_19:48:09,NA,NA,NA
03/02/2019_19:48:10,NA,NA,NA
03/02/2019_19:48:11,NA,NA,NA
03/02/2019_19:48:12,NA,NA,NA
03/02/2019_19:48:13,NA,NA,NA
03/02/2019_19:48:14,NA,NA,NA
03/02/2019_19:48:15,NA,NA,NA
03/02/2019_19:48:16,NA,NA,NA
03/02/2019_19:48:17,NA,NA,NA
03/02/2019_19:48:18,NA,NA,NA
03/02/2019_19:48:19,NA,NA,NA
03/02/2019_19:48:20,NA,NA,NA
03/02/2019_19:48:21,NA,NA,NA
03/02/2019_19:48:22,NA,NA,NA
03/02/2019_19:48:23,NA,NA,NA
03/02/2019_19:48:24,NA,NA,NA
03/02/2019_19:48:25,NA,NA,NA
03/02/2019_19:48:26,NA,NA,NA
03/02/2019_19:48:27,NA,NA,NA
03/02/2019_19:48:28,NA,NA,NA
03/02/2019_19:48:29,NA,NA,NA
03/02/2019_19:48:30,NA,NA,NA
03/02/2019_19:48:31,NA,NA,NA
03/02/2019_19:48:32,NA,NA,NA
03/02/2019_19:48:33,NA,NA,NA
03/02/2019_19:48:34,NA,NA,NA
03/02/2019_19:48:35,NA,NA,NA
03/02/2019_19:48:36,NA,NA,NA
03/02/2019_19:48:37,NA,NA,NA
03/02/2019_19:48:38,NA,NA,NA
03/02/2019_19:48:39,NA,NA,NA
03/02/2019_19:48:40,NA,NA,NA
03/02/2019_19:48:41,NA,NA,NA
03/02/2019_19:48:42,NA,NA,NA
03/02/2019_19:48:43,NA,NA,NA
03/02/2019_19:48:44,NA,NA,NA
03/02/2019_19:48:45,NA,NA,NA
03/02/2019_19:48:46,NA,NA,NA
03/02/2019_19:48:47,NA,NA,NA
03/02/2019_19:48:48,NA,NA,NA
03/02/2019_19:48:49,NA,NA,NA
03/02/2019_19:48:50,NA,NA,NA
03/02/2019_19:48:51,NA,NA,NA
03/02/2019_19:48:52,NA,NA,NA
03/02/2019_19:48:53,NA,NA,NA
03/02/2019_19:48:54,NA,NA,NA
03/02/2019_19:48:55,NA,NA,NA
03/02/2019_19:48:56,NA,NA,NA
03/02/2019_19:48:57,NA,NA,NA
03/02/2019_19:48:58,NA,NA,NA
03/02/2019_19:48:59,NA,NA,NA
03/02/2019_19:49:00,NA,NA,NA
03/02/2019_19:49:01,NA,NA,NA
03/02/2019_19:49:02,NA,NA,NA
03/02/2019_19:49:03,NA,NA,NA
03/02/2019_19:49:04,NA,NA,NA
03/02/2019_19:49:05,NA,NA,NA
03/02/2019_19:49:06,NA,NA,NA
03/02/2019_19:49:07,NA,NA,NA
03/02/2019_19:49:08,NA,NA,NA
03/02/2019_19:49:09,NA,NA,NA
03/02/2019_19:49:10,NA,NA,NA
03/02/2019_19:49:11,NA,NA,NA
03/02/2019_19:49:12,NA,NA,NA
03/02/2019_19:49:13,NA,NA,NA
03/02/2019_19:49:14,NA,NA,NA
03/02/2019_19:49:15,NA,NA,NA
03/02/2019_19:49:16,NA,NA,NA
03/02/2019_19:49:17,NA,NA,NA
03/02/2019_19:49:18,NA,NA,NA
03/02/2019_19:49:19,NA,NA,NA
03/02/2019_19:49:20,NA,NA,NA
03/02/2019_19:49:21,NA,NA,NA
03/02/2019_19:49:22,NA,NA,NA
03/02/2019_19:49:23,NA,NA,NA
03/02/2019_19:49:24,NA,NA,NA
03/02/2019_19:49:25,NA,NA,NA
03/02/2019_19:49:26,NA,NA,NA
03/02/2019_19:49:27,NA,NA,NA
03/02/2019_19:49:28,NA,NA,NA
03/02/2019_19:49:29,NA,NA,NA
03/02/2019_19:49:30,NA,NA,NA
03/02/2019_19:49:31,NA,NA,NA
03/02/2019_19:49:32,NA,NA,NA
03/02/2019_19:49:33,NA,NA,NA
03/02/2019_19:49:34,NA,NA,NA
03/02/2019_19:49:35,NA,NA,NA
03/02/2019_19:49:36,NA,NA,NA
03/02/2019_19:49:37,NA,NA,NA
03/02/2019_19:49:38,NA,NA,NA
03/02/2019_19:49:39,NA,NA,NA
03/02/2019_19:49:40,NA,NA,NA
03/02/2019_19:49:41,NA,NA,NA
03/02/2019_19:49:42,NA,NA,NA
03/02/2019_19:49:43,NA,NA,NA
03/02/2019_19:49:44,NA,NA,NA
03/02/2019_19:49:45,NA,NA,NA
03/02/2019_19:49:46,NA,NA,NA
03/02/2019_19:49:47,NA,NA,NA
03/02/2019_19:49:48,NA,NA,NA
03/02/2019_19:49:49,NA,NA,NA
03/02/2019_19:49:50,NA,NA,NA
03/02/2019_19:49:51,NA,NA,NA
03/02/2019_19:49:52,NA,NA,NA
03/02/2019_19:49:53,NA,NA,NA
03/02/2019_19:49:54,NA,NA,NA
03/02/2019_19:49:55,NA,NA,NA
03/02/2019_19:49:56,NA,NA,NA
03/02/2019_19:49:57,NA,NA,NA
03/02/2019_19:49:58,NA,NA,NA
03/02/2019_19:49:59,NA,NA,NA
03/02/2019_19:50:00,NA,NA,NA
03/02/2019_19:50:01,NA,NA,NA
03/02/2019_19:50:02,NA,NA,NA
03/02/2019_19:50:03,NA,NA,NA
03/02/2019_19:50:04,NA,NA,NA
03/02/2019_19:50:05,NA,NA,NA
03/02/2019_19:50:06,NA,NA,NA
03/02/2019_19:50:07,NA,NA,NA
03/02/2019_19:50:08,NA,NA,NA
03/02/2019_19:50:09,NA,NA,NA
03/02/2019_19:50:10,NA,NA,NA
03/02/2019_19:50:11,NA,NA,NA
03/02/2019_19:50:12,NA,NA,NA
03/02/2019_19:50:13,NA,NA,NA
03/02/2019_19:50:14,NA,NA,NA
03/02/2019_19:50:15,NA,NA,NA
03/02/2019_19:50:16,NA,NA,NA
03/02/2019_19:50:18,NA,NA,NA
03/02/2019_19:50:19,NA,NA,NA
03/02/2019_19:50:20,NA,NA,NA
03/02/2019_19:50:21,NA,NA,NA
03/02/2019_19:50:22,NA,NA,NA
03/02/2019_19:50:23,NA,NA,NA
03/02/2019_19:50:24,NA,NA,NA
03/02/2019_19:50:25,NA,NA,NA
03/02/2019_19:50:26,NA,NA,NA
03/02/2019_19:50:27,NA,NA,NA
03/02/2019_19:50:28,NA,NA,NA
03/02/2019_19:50:29,NA,NA,NA
03/02/2019_19:50:30,NA,NA,NA
03/02/2019_19:50:31,NA,NA,NA
03/02/2019_19:50:32,NA,NA,NA
03/02/2019_19:50:33,NA,NA,NA
03/02/2019_19:50:34,NA,NA,NA
03/02/2019_19:50:35,NA,NA,NA
03/02/2019_19:50:36,NA,NA,NA
03/02/2019_19:50:37,NA,NA,NA
03/02/2019_19:50:38,NA,NA,NA
03/02/2019_19:50:39,NA,NA,NA
03/02/2019_19:50:40,NA,NA,NA
03/02/2019_19:50:41,NA,NA,NA
03/02/2019_19:50:42,NA,NA,NA
03/02/2019_19:50:43,NA,NA,NA
03/02/2019_19:50:44,NA,NA,NA
03/02/2019_19:50:45,NA,NA,NA
03/02/2019_19:50:46,NA,NA,NA
03/02/2019_19:50:47,NA,NA,NA
03/02/2019_19:50:48,NA,NA,NA
03/02/2019_19:50:49,NA,NA,NA
03/02/2019_19:50:50,NA,NA,NA
03/02/2019_19:50:51,NA,NA,NA
03/02/2019_19:50:52,NA,NA,NA
03/02/2019_19:50:53,NA,NA,NA
03/02/2019_19:50:54,NA,NA,NA
03/02/2019_19:50:55,NA,NA,NA
03/02/2019_19:50:56,NA,NA,NA
03/02/2019_19:50:57,NA,NA,NA
03/02/2019_19:50:58,NA,NA,NA
03/02/2019_19:50:59,NA,NA,NA
03/02/2019_19:51:00,NA,NA,NA
03/02/2019_19:51:01,NA,NA,NA
03/02/2019_19:51:02,NA,NA,NA
03/02/2019_19:51:03,NA,NA,NA
03/02/2019_19:51:04,NA,NA,NA
03/02/2019_19:51:05,NA,NA,NA
03/02/2019_19:51:06,NA,NA,NA
03/02/2019_19:51:07,NA,NA,NA
03/02/2019_19:51:08,NA,NA,NA
03/02/2019_19:51:09,NA,NA,NA
03/02/2019_19:51:10,NA,NA,NA
03/02/2019_19:51:11,NA,NA,NA
03/02/2019_19:51:12,NA,NA,NA
03/02/2019_19:51:13,NA,NA,NA
03/02/2019_19:51:14,NA,NA,NA
03/02/2019_19:51:15,NA,NA,NA
03/02/2019_19:51:16,NA,NA,NA
03/02/2019_19:51:17,NA,NA,NA
03/02/2019_19:51:18,NA,NA,NA
03/02/2019_19:51:19,NA,NA,NA
03/02/2019_19:51:20,NA,NA,NA
03/02/2019_19:51:21,NA,NA,NA
03/02/2019_19:51:22,NA,NA,NA
03/02/2019_19:51:23,NA,NA,NA
03/02/2019_19:51:24,NA,NA,NA
03/02/2019_19:51:25,NA,NA,NA
03/02/2019_19:51:26,NA,NA,NA
03/02/2019_19:51:27,NA,NA,NA
03/02/2019_19:51:28,NA,NA,NA
03/02/2019_19:51:29,NA,NA,NA
03/02/2019_19:51:30,NA,NA,NA
03/02/2019_19:51:31,NA,NA,NA
03/02/2019_19:51:32,NA,NA,NA
03/02/2019_19:51:33,NA,NA,NA
03/02/2019_19:51:34,NA,NA,NA
03/02/2019_19:51:35,NA,NA,NA
03/02/2019_19:51:36,NA,NA,NA
03/02/2019_19:51:37,NA,NA,NA
03/02/2019_19:51:38,NA,NA,NA
03/02/2019_19:51:39,NA,NA,NA
03/02/2019_19:51:40,NA,NA,NA
03/02/2019_19:51:41,NA,NA,NA
03/02/2019_19:51:42,NA,NA,NA
03/02/2019_19:51:43,NA,NA,NA
03/02/2019_19:51:44,NA,NA,NA
03/02/2019_19:51:45,NA,NA,NA
03/02/2019_19:51:46,NA,NA,NA
03/02/2019_19:51:47,NA,NA,NA
03/02/2019_19:51:48,NA,NA,NA
03/02/2019_19:51:49,NA,NA,NA
03/02/2019_19:51:50,NA,NA,NA
03/02/2019_19:51:51,NA,NA,NA
03/02/2019_19:51:52,NA,NA,NA
03/02/2019_19:51:53,NA,NA,NA
03/02/2019_19:51:54,NA,NA,NA
03/02/2019_19:51:55,NA,NA,NA
03/02/2019_19:51:56,NA,NA,NA
03/02/2019_19:51:57,NA,NA,NA
03/02/2019_19:51:58,NA,NA,NA
03/02/2019_19:51:59,NA,NA,NA
03/02/2019_19:52:00,NA,NA,NA
03/02/2019_19:52:01,NA,NA,NA
03/02/2019_19:52:02,NA,NA,NA
03/02/2019_19:52:03,NA,NA,NA
03/02/2019_19:52:04,NA,NA,NA
03/02/2019_19:52:05,NA,NA,NA
03/02/2019_19:52:06,NA,NA,NA
03/02/2019_19:52:07,NA,NA,NA
03/02/2019_19:52:08,NA,NA,NA
03/02/2019_19:52:09,NA,NA,NA
03/02/2019_19:52:10,NA,NA,NA
03/02/2019_19:52:11,NA,NA,NA
03/02/2019_19:52:12,NA,NA,NA
03/02/2019_19:52:13,NA,NA,NA
03/02/2019_19:52:14,NA,NA,NA
03/02/2019_19:52:15,NA,NA,NA
03/02/2019_19:52:16,NA,NA,NA
03/02/2019_19:52:17,NA,NA,NA
03/02/2019_19:52:18,NA,NA,NA
03/02/2019_19:52:19,NA,NA,NA
03/02/2019_19:52:20,NA,NA,NA
03/02/2019_19:52:21,NA,NA,NA
03/02/2019_19:52:22,NA,NA,NA
03/02/2019_19:52:23,NA,NA,NA
03/02/2019_19:52:24,NA,NA,NA
03/02/2019_19:52:25,NA,NA,NA
03/02/2019_19:52:26,NA,NA,NA
03/02/2019_19:52:27,NA,NA,NA
03/02/2019_19:52:28,NA,NA,NA
03/02/2019_19:52:29,NA,NA,NA
03/02/2019_19:52:30,NA,NA,NA
03/02/2019_19:52:31,NA,NA,NA
03/02/2019_19:52:32,NA,NA,NA
03/02/2019_19:52:33,NA,NA,NA
03/02/2019_19:52:34,NA,NA,NA
03/02/2019_19:52:35,NA,NA,NA
03/02/2019_19:52:36,NA,NA,NA
03/02/2019_19:52:37,NA,NA,NA
03/02/2019_19:52:38,NA,NA,NA
03/02/2019_19:52:39,NA,NA,NA
03/02/2019_19:52:40,NA,NA,NA
03/02/2019_19:52:41,NA,NA,NA
03/02/2019_19:52:42,NA,NA,NA
03/02/2019_19:52:43,NA,NA,NA
03/02/2019_19:52:44,NA,NA,NA
03/02/2019_19:52:45,NA,NA,NA
03/02/2019_19:52:46,NA,NA,NA
03/02/2019_19:52:47,NA,NA,NA
03/02/2019_19:52:48,NA,NA,NA
03/02/2019_19:52:49,NA,NA,NA
03/02/2019_19:52:50,NA,NA,NA
03/02/2019_19:52:51,NA,NA,NA
03/02/2019_19:52:52,NA,NA,NA
03/02/2019_19:52:53,NA,NA,NA
03/02/2019_19:52:54,NA,NA,NA
03/02/2019_19:52:55,NA,NA,NA
03/02/2019_19:52:56,NA,NA,NA
03/02/2019_19:52:57,NA,NA,NA
03/02/2019_19:52:58,NA,NA,NA
03/02/2019_19:52:59,NA,NA,NA
03/02/2019_19:53:00,NA,NA,NA
03/02/2019_19:53:01,NA,NA,NA
03/02/2019_19:53:02,NA,NA,NA
03/02/2019_19:53:03,NA,NA,NA
03/02/2019_19:53:04,NA,NA,NA
03/02/2019_19:53:05,NA,NA,NA
03/02/2019_19:53:06,NA,NA,NA
03/02/2019_19:53:07,NA,NA,NA
03/02/2019_19:53:08,NA,NA,NA
03/02/2019_19:53:09,NA,NA,NA
03/02/2019_19:53:10,NA,NA,NA
03/02/2019_19:53:11,NA,NA,NA
03/02/2019_19:53:12,NA,NA,NA
03/02/2019_19:53:13,NA,NA,NA
03/02/2019_19:53:14,NA,NA,NA
03/02/2019_19:53:15,NA,NA,NA
03/02/2019_19:53:16,NA,NA,NA
03/02/2019_19:53:17,NA,NA,NA
03/02/2019_19:53:18,NA,NA,NA
03/02/2019_19:53:19,NA,NA,NA
03/02/2019_19:53:20,NA,NA,NA
03/02/2019_19:53:22,NA,NA,NA
03/02/2019_19:53:23,NA,NA,NA
03/02/2019_19:53:24,NA,NA,NA
03/02/2019_19:53:25,NA,NA,NA
03/02/2019_19:53:26,NA,NA,NA
03/02/2019_19:53:27,NA,NA,NA
03/02/2019_19:53:28,NA,NA,NA
03/02/2019_19:53:29,NA,NA,NA
03/02/2019_19:53:30,NA,NA,NA
03/02/2019_19:53:31,NA,NA,NA
03/02/2019_19:53:32,NA,NA,NA
03/02/2019_19:53:33,NA,NA,NA
03/02/2019_19:53:34,NA,NA,NA
03/02/2019_19:53:35,NA,NA,NA
03/02/2019_19:53:36,NA,NA,NA
03/02/2019_19:53:37,NA,NA,NA
03/02/2019_19:53:38,NA,NA,NA
03/02/2019_19:53:39,NA,NA,NA
03/02/2019_19:53:40,NA,NA,NA
03/02/2019_19:53:41,NA,NA,NA
03/02/2019_19:53:42,NA,NA,NA
03/02/2019_19:53:43,NA,NA,NA
03/02/2019_19:53:44,NA,NA,NA
03/02/2019_19:53:45,NA,NA,NA
03/02/2019_19:53:46,NA,NA,NA
03/02/2019_19:53:47,NA,NA,NA
03/02/2019_19:53:48,NA,NA,NA
03/02/2019_19:53:49,NA,NA,NA
03/02/2019_19:53:50,NA,NA,NA
03/02/2019_19:53:51,NA,NA,NA
03/02/2019_19:53:52,NA,NA,NA
03/02/2019_19:53:53,NA,NA,NA
03/02/2019_19:53:54,NA,NA,NA
03/02/2019_19:53:55,NA,NA,NA
03/02/2019_19:53:56,NA,NA,NA
03/02/2019_19:53:57,NA,NA,NA
03/02/2019_19:53:58,NA,NA,NA
03/02/2019_19:53:59,NA,NA,NA
03/02/2019_19:54:00,NA,NA,NA
03/02/2019_19:54:01,NA,NA,NA
03/02/2019_19:54:02,NA,NA,NA
03/02/2019_19:54:03,NA,NA,NA
03/02/2019_19:54:04,NA,NA,NA
03/02/2019_19:54:05,NA,NA,NA
03/02/2019_19:54:06,NA,NA,NA
03/02/2019_19:54:07,NA,NA,NA
03/02/2019_19:54:08,NA,NA,NA
03/02/2019_19:54:09,NA,NA,NA
03/02/2019_19:54:10,NA,NA,NA
03/02/2019_19:54:11,NA,NA,NA
03/02/2019_19:54:12,NA,NA,NA
03/02/2019_19:54:13,NA,NA,NA
03/02/2019_19:54:14,NA,NA,NA
03/02/2019_19:54:15,NA,NA,NA
03/02/2019_19:54:16,NA,NA,NA
03/02/2019_19:54:17,NA,NA,NA
03/02/2019_19:54:18,NA,NA,NA
03/02/2019_19:54:19,NA,NA,NA
03/02/2019_19:54:20,NA,NA,NA
03/02/2019_19:54:21,NA,NA,NA
03/02/2019_19:54:22,NA,NA,NA
03/02/2019_19:54:23,NA,NA,NA
03/02/2019_19:54:24,NA,NA,NA
03/02/2019_19:54:25,NA,NA,NA
03/02/2019_19:54:26,NA,NA,NA
03/02/2019_19:54:27,NA,NA,NA
03/02/2019_19:54:28,NA,NA,NA
03/02/2019_19:54:29,NA,NA,NA
03/02/2019_19:54:30,NA,NA,NA
03/02/2019_19:54:31,NA,NA,NA
03/02/2019_19:54:32,NA,NA,NA
03/02/2019_19:54:33,NA,NA,NA
03/02/2019_19:54:34,NA,NA,NA
03/02/2019_19:54:35,NA,NA,NA
03/02/2019_19:54:36,NA,NA,NA
03/02/2019_19:54:37,NA,NA,NA
03/02/2019_19:54:38,NA,NA,NA
03/02/2019_19:54:39,NA,NA,NA
03/02/2019_19:54:40,NA,NA,NA
03/02/2019_19:54:41,NA,NA,NA
03/02/2019_19:54:42,NA,NA,NA
03/02/2019_19:54:43,NA,NA,NA
03/02/2019_19:54:44,NA,NA,NA
03/02/2019_19:54:45,NA,NA,NA
03/02/2019_19:54:46,NA,NA,NA
03/02/2019_19:54:47,NA,NA,NA
03/02/2019_19:54:48,NA,NA,NA
03/02/2019_19:54:49,NA,NA,NA
03/02/2019_19:54:50,NA,NA,NA
03/02/2019_19:54:51,NA,NA,NA
03/02/2019_19:54:52,NA,NA,NA
03/02/2019_19:54:53,NA,NA,NA
03/02/2019_19:54:54,NA,NA,NA
03/02/2019_19:54:55,NA,NA,NA
03/02/2019_19:54:56,NA,NA,NA
03/02/2019_19:54:57,NA,NA,NA
03/02/2019_19:54:58,NA,NA,NA
03/02/2019_19:54:59,NA,NA,NA
03/02/2019_19:55:00,NA,NA,NA
03/02/2019_19:55:01,NA,NA,NA
03/02/2019_19:55:02,NA,NA,NA
03/02/2019_19:55:03,NA,NA,NA
03/02/2019_19:55:04,NA,NA,NA
03/02/2019_19:55:05,NA,NA,NA
03/02/2019_19:55:06,NA,NA,NA
03/02/2019_19:55:07,NA,NA,NA
03/02/2019_19:55:08,NA,NA,NA
03/02/2019_19:55:09,NA,NA,NA
03/02/2019_19:55:10,NA,NA,NA
03/02/2019_19:55:11,NA,NA,NA
03/02/2019_19:55:12,NA,NA,NA
03/02/2019_19:55:13,NA,NA,NA
03/02/2019_19:55:14,NA,NA,NA
03/02/2019_19:55:15,NA,NA,NA
03/02/2019_19:55:16,NA,NA,NA
03/02/2019_19:55:17,NA,NA,NA
03/02/2019_19:55:18,NA,NA,NA
03/02/2019_19:55:19,NA,NA,NA
03/02/2019_19:55:20,NA,NA,NA
03/02/2019_19:55:21,NA,NA,NA
03/02/2019_19:55:22,NA,NA,NA
03/02/2019_19:55:23,NA,NA,NA
03/02/2019_19:55:24,NA,NA,NA
03/02/2019_19:55:25,NA,NA,NA
03/02/2019_19:55:26,NA,NA,NA
03/02/2019_19:55:27,NA,NA,NA
03/02/2019_19:55:28,NA,NA,NA
03/02/2019_19:55:29,NA,NA,NA
03/02/2019_19:55:30,NA,NA,NA
03/02/2019_19:55:31,NA,NA,NA
03/02/2019_19:55:32,NA,NA,NA
03/02/2019_19:55:33,NA,NA,NA
03/02/2019_19:55:34,NA,NA,NA
03/02/2019_19:55:35,NA,NA,NA
03/02/2019_19:55:36,NA,NA,NA
03/02/2019_19:55:37,NA,NA,NA
03/02/2019_19:55:38,NA,NA,NA
03/02/2019_19:55:39,NA,NA,NA
03/02/2019_19:55:40,NA,NA,NA
03/02/2019_19:55:41,NA,NA,NA
03/02/2019_19:55:42,NA,NA,NA
03/02/2019_19:55:43,NA,NA,NA
03/02/2019_19:55:44,NA,NA,NA
03/02/2019_19:55:45,NA,NA,NA
03/02/2019_19:55:46,NA,NA,NA
03/02/2019_19:55:47,NA,NA,NA
03/02/2019_19:55:48,NA,NA,NA
03/02/2019_19:55:49,NA,NA,NA
03/02/2019_19:55:50,NA,NA,NA
03/02/2019_19:55:51,NA,NA,NA
03/02/2019_19:55:52,NA,NA,NA
03/02/2019_19:55:53,NA,NA,NA
03/02/2019_19:55:54,NA,NA,NA
03/02/2019_19:55:55,NA,NA,NA
03/02/2019_19:55:56,NA,NA,NA
03/02/2019_19:55:57,NA,NA,NA
03/02/2019_19:55:58,NA,NA,NA
03/02/2019_19:55:59,NA,NA,NA
03/02/2019_19:56:00,NA,NA,NA
03/02/2019_19:56:01,NA,NA,NA
03/02/2019_19:56:02,NA,NA,NA
03/02/2019_19:56:03,NA,NA,NA
03/02/2019_19:56:04,NA,NA,NA
03/02/2019_19:56:05,NA,NA,NA
03/02/2019_19:56:06,NA,NA,NA
03/02/2019_19:56:07,NA,NA,NA
03/02/2019_19:56:08,NA,NA,NA
03/02/2019_19:56:09,NA,NA,NA
03/02/2019_19:56:10,NA,NA,NA
03/02/2019_19:56:11,NA,NA,NA
03/02/2019_19:56:12,NA,NA,NA
03/02/2019_19:56:13,NA,NA,NA
03/02/2019_19:56:14,NA,NA,NA
03/02/2019_19:56:15,NA,NA,NA
03/02/2019_19:56:16,NA,NA,NA
03/02/2019_19:56:17,NA,NA,NA
03/02/2019_19:56:18,NA,NA,NA
03/02/2019_19:56:19,NA,NA,NA
03/02/2019_19:56:20,NA,NA,NA
03/02/2019_19:56:21,NA,NA,NA
03/02/2019_19:56:22,NA,NA,NA
03/02/2019_19:56:23,NA,NA,NA
03/02/2019_19:56:24,NA,NA,NA
03/02/2019_19:56:25,NA,NA,NA
03/02/2019_19:56:27,NA,NA,NA
03/02/2019_19:56:28,NA,NA,NA
03/02/2019_19:56:29,NA,NA,NA
03/02/2019_19:56:30,NA,NA,NA
03/02/2019_19:56:31,NA,NA,NA
03/02/2019_19:56:32,NA,NA,NA
03/02/2019_19:56:33,NA,NA,NA
03/02/2019_19:56:34,NA,NA,NA
03/02/2019_19:56:35,NA,NA,NA
03/02/2019_19:56:36,NA,NA,NA
03/02/2019_19:56:37,NA,NA,NA
03/02/2019_19:56:38,NA,NA,NA
03/02/2019_19:56:39,NA,NA,NA
03/02/2019_19:56:40,NA,NA,NA
03/02/2019_19:56:41,NA,NA,NA
03/02/2019_19:56:42,NA,NA,NA
03/02/2019_19:56:43,NA,NA,NA
03/02/2019_19:56:44,NA,NA,NA
03/02/2019_19:56:45,NA,NA,NA
03/02/2019_19:56:46,NA,NA,NA
03/02/2019_19:56:47,NA,NA,NA
03/02/2019_19:56:48,NA,NA,NA
03/02/2019_19:56:49,NA,NA,NA
03/02/2019_19:56:50,NA,NA,NA
03/02/2019_19:56:51,NA,NA,NA
03/02/2019_19:56:52,NA,NA,NA
03/02/2019_19:56:53,NA,NA,NA
03/02/2019_19:56:54,NA,NA,NA
03/02/2019_19:56:55,NA,NA,NA
03/02/2019_19:56:56,NA,NA,NA
03/02/2019_19:56:57,NA,NA,NA
03/02/2019_19:56:58,NA,NA,NA
03/02/2019_19:56:59,NA,NA,NA
03/02/2019_19:57:00,NA,NA,NA
03/02/2019_19:57:01,NA,NA,NA
03/02/2019_19:57:02,NA,NA,NA
03/02/2019_19:57:03,NA,NA,NA
03/02/2019_19:57:04,NA,NA,NA
03/02/2019_19:57:05,NA,NA,NA
03/02/2019_19:57:06,NA,NA,NA
03/02/2019_19:57:07,NA,NA,NA
03/02/2019_19:57:08,NA,NA,NA
03/02/2019_19:57:09,NA,NA,NA
03/02/2019_19:57:10,NA,NA,NA
03/02/2019_19:57:11,NA,NA,NA
03/02/2019_19:57:12,NA,NA,NA
03/02/2019_19:57:13,NA,NA,NA
03/02/2019_19:57:14,NA,NA,NA
03/02/2019_19:57:15,NA,NA,NA
03/02/2019_19:57:16,NA,NA,NA
03/02/2019_19:57:17,NA,NA,NA
03/02/2019_19:57:18,NA,NA,NA
03/02/2019_19:57:19,NA,NA,NA
03/02/2019_19:57:20,NA,NA,NA
03/02/2019_19:57:21,NA,NA,NA
03/02/2019_19:57:22,NA,NA,NA
03/02/2019_19:57:23,NA,NA,NA
03/02/2019_19:57:24,NA,NA,NA
03/02/2019_19:57:25,NA,NA,NA
03/02/2019_19:57:26,NA,NA,NA
03/02/2019_19:57:27,NA,NA,NA
03/02/2019_19:57:28,NA,NA,NA
03/02/2019_19:57:29,NA,NA,NA
03/02/2019_19:57:30,NA,NA,NA
03/02/2019_19:57:31,NA,NA,NA
03/02/2019_19:57:32,NA,NA,NA
03/02/2019_19:57:33,NA,NA,NA
03/02/2019_19:57:34,NA,NA,NA
03/02/2019_19:57:35,NA,NA,NA
03/02/2019_19:57:36,NA,NA,NA
03/02/2019_19:57:37,NA,NA,NA
03/02/2019_19:57:38,NA,NA,NA
03/02/2019_19:57:39,NA,NA,NA
03/02/2019_19:57:40,NA,NA,NA
03/02/2019_19:57:41,NA,NA,NA
03/02/2019_19:57:42,NA,NA,NA
03/02/2019_19:57:43,NA,NA,NA
03/02/2019_19:57:44,NA,NA,NA
03/02/2019_19:57:45,NA,NA,NA
03/02/2019_19:57:46,NA,NA,NA
03/02/2019_19:57:47,NA,NA,NA
03/02/2019_19:57:48,NA,NA,NA
03/02/2019_19:57:49,NA,NA,NA
03/02/2019_19:57:50,NA,NA,NA
03/02/2019_19:57:51,NA,NA,NA
03/02/2019_19:57:52,NA,NA,NA
03/02/2019_19:57:53,NA,NA,NA
03/02/2019_19:57:54,NA,NA,NA
03/02/2019_19:57:55,NA,NA,NA
03/02/2019_19:57:56,NA,NA,NA
03/02/2019_19:57:57,NA,NA,NA
03/02/2019_19:57:58,NA,NA,NA
03/02/2019_19:57:59,NA,NA,NA
03/02/2019_19:58:00,NA,NA,NA
03/02/2019_19:58:01,NA,NA,NA
03/02/2019_19:58:02,NA,NA,NA
03/02/2019_19:58:03,NA,NA,NA
03/02/2019_19:58:04,NA,NA,NA
03/02/2019_19:58:05,NA,NA,NA
03/02/2019_19:58:06,NA,NA,NA
03/02/2019_19:58:07,NA,NA,NA
03/02/2019_19:58:08,NA,NA,NA
03/02/2019_19:58:09,NA,NA,NA
03/02/2019_19:58:10,NA,NA,NA
03/02/2019_19:58:11,NA,NA,NA
03/02/2019_19:58:12,NA,NA,NA
03/02/2019_19:58:13,NA,NA,NA
03/02/2019_19:58:14,NA,NA,NA
03/02/2019_19:58:15,NA,NA,NA
03/02/2019_19:58:16,NA,NA,NA
03/02/2019_19:58:17,NA,NA,NA
03/02/2019_19:58:18,NA,NA,NA
03/02/2019_19:58:19,NA,NA,NA
03/02/2019_19:58:20,NA,NA,NA
03/02/2019_19:58:21,NA,NA,NA
03/02/2019_19:58:22,NA,NA,NA
03/02/2019_19:58:23,NA,NA,NA
03/02/2019_19:58:24,NA,NA,NA
03/02/2019_19:58:25,NA,NA,NA
03/02/2019_19:58:26,NA,NA,NA
03/02/2019_19:58:27,NA,NA,NA
03/02/2019_19:58:28,NA,NA,NA
03/02/2019_19:58:29,NA,NA,NA
03/02/2019_19:58:30,NA,NA,NA
03/02/2019_19:58:31,NA,NA,NA
03/02/2019_19:58:32,NA,NA,NA
03/02/2019_19:58:33,NA,NA,NA
03/02/2019_19:58:34,NA,NA,NA
03/02/2019_19:58:35,NA,NA,NA
03/02/2019_19:58:36,NA,NA,NA
03/02/2019_19:58:37,NA,NA,NA
03/02/2019_19:58:38,NA,NA,NA
03/02/2019_19:58:39,NA,NA,NA
03/02/2019_19:58:40,NA,NA,NA
03/02/2019_19:58:41,NA,NA,NA
03/02/2019_19:58:42,NA,NA,NA
03/02/2019_19:58:43,NA,NA,NA
03/02/2019_19:58:44,NA,NA,NA
03/02/2019_19:58:45,NA,NA,NA
03/02/2019_19:58:46,NA,NA,NA
03/02/2019_19:58:47,NA,NA,NA
03/02/2019_19:58:48,NA,NA,NA
03/02/2019_19:58:49,NA,NA,NA
03/02/2019_19:58:50,NA,NA,NA
03/02/2019_19:58:51,NA,NA,NA
03/02/2019_19:58:52,NA,NA,NA
03/02/2019_19:58:53,NA,NA,NA
03/02/2019_19:58:54,NA,NA,NA
03/02/2019_19:58:55,NA,NA,NA
03/02/2019_19:58:56,NA,NA,NA
03/02/2019_19:58:57,NA,NA,NA
03/02/2019_19:58:58,NA,NA,NA
03/02/2019_19:58:59,NA,NA,NA
03/02/2019_19:59:00,NA,NA,NA
03/02/2019_19:59:01,NA,NA,NA
03/02/2019_19:59:02,NA,NA,NA
03/02/2019_19:59:03,NA,NA,NA
03/02/2019_19:59:04,NA,NA,NA
03/02/2019_19:59:05,NA,NA,NA
03/02/2019_19:59:06,NA,NA,NA
03/02/2019_19:59:07,NA,NA,NA
03/02/2019_19:59:08,NA,NA,NA
03/02/2019_19:59:09,NA,NA,NA
03/02/2019_19:59:10,NA,NA,NA
03/02/2019_19:59:11,NA,NA,NA
03/02/2019_19:59:12,NA,NA,NA
03/02/2019_19:59:13,NA,NA,NA
03/02/2019_19:59:14,NA,NA,NA
03/02/2019_19:59:15,NA,NA,NA
03/02/2019_19:59:16,NA,NA,NA
03/02/2019_19:59:17,NA,NA,NA
03/02/2019_19:59:18,NA,NA,NA
03/02/2019_19:59:19,NA,NA,NA
03/02/2019_19:59:20,NA,NA,NA
03/02/2019_19:59:21,NA,NA,NA
03/02/2019_19:59:22,NA,NA,NA
03/02/2019_19:59:23,NA,NA,NA
03/02/2019_19:59:24,NA,NA,NA
03/02/2019_19:59:25,NA,NA,NA
03/02/2019_19:59:26,NA,NA,NA
03/02/2019_19:59:27,NA,NA,NA
03/02/2019_19:59:28,NA,NA,NA
03/02/2019_19:59:30,NA,NA,NA
03/02/2019_19:59:31,NA,NA,NA
03/02/2019_19:59:32,NA,NA,NA
03/02/2019_19:59:33,NA,NA,NA
03/02/2019_19:59:34,NA,NA,NA
03/02/2019_19:59:35,NA,NA,NA
03/02/2019_19:59:36,NA,NA,NA
03/02/2019_19:59:37,NA,NA,NA
03/02/2019_19:59:38,NA,NA,NA
03/02/2019_19:59:39,NA,NA,NA
03/02/2019_19:59:40,NA,NA,NA
03/02/2019_19:59:41,NA,NA,NA
03/02/2019_19:59:42,NA,NA,NA
03/02/2019_19:59:43,NA,NA,NA
03/02/2019_19:59:44,NA,NA,NA
03/02/2019_19:59:45,NA,NA,NA
03/02/2019_19:59:46,NA,NA,NA
03/02/2019_19:59:47,NA,NA,NA
03/02/2019_19:59:48,NA,NA,NA
03/02/2019_19:59:49,NA,NA,NA
03/02/2019_19:59:50,NA,NA,NA
03/02/2019_19:59:51,NA,NA,NA
03/02/2019_19:59:52,NA,NA,NA
03/02/2019_19:59:53,NA,NA,NA
03/02/2019_19:59:54,NA,NA,NA
03/02/2019_19:59:55,NA,NA,NA
03/02/2019_19:59:56,NA,NA,NA
03/02/2019_19:59:57,NA,NA,NA
03/02/2019_19:59:58,NA,NA,NA
03/02/2019_19:59:59,NA,NA,NA
03/02/2019_20:00:00,NA,NA,NA
03/02/2019_20:00:01,NA,NA,NA
03/02/2019_20:00:02,NA,NA,NA
03/02/2019_20:00:03,NA,NA,NA
03/02/2019_20:00:04,NA,NA,NA
03/02/2019_20:00:05,NA,NA,NA
03/02/2019_20:00:06,NA,NA,NA
03/02/2019_20:00:07,NA,NA,NA
03/02/2019_20:00:08,NA,NA,NA
03/02/2019_20:00:09,NA,NA,NA
03/02/2019_20:00:10,NA,NA,NA
03/02/2019_20:00:11,NA,NA,NA
03/02/2019_20:00:12,NA,NA,NA
03/02/2019_20:00:13,NA,NA,NA
03/02/2019_20:00:14,NA,NA,NA
03/02/2019_20:00:15,NA,NA,NA
03/02/2019_20:00:16,NA,NA,NA
03/02/2019_20:00:17,NA,NA,NA
03/02/2019_20:00:18,NA,NA,NA
03/02/2019_20:00:19,NA,NA,NA
03/02/2019_20:00:20,NA,NA,NA
03/02/2019_20:00:21,NA,NA,NA
03/02/2019_20:00:22,NA,NA,NA
03/02/2019_20:00:23,NA,NA,NA
03/02/2019_20:00:24,NA,NA,NA
03/02/2019_20:00:25,NA,NA,NA
03/02/2019_20:00:26,NA,NA,NA
03/02/2019_20:00:27,NA,NA,NA
03/02/2019_20:00:28,NA,NA,NA
03/02/2019_20:00:29,NA,NA,NA
03/02/2019_20:00:30,NA,NA,NA
03/02/2019_20:00:31,NA,NA,NA
03/02/2019_20:00:32,NA,NA,NA
03/02/2019_20:00:33,NA,NA,NA
03/02/2019_20:00:34,NA,NA,NA
03/02/2019_20:00:35,NA,NA,NA
03/02/2019_20:00:36,NA,NA,NA
03/02/2019_20:00:37,NA,NA,NA
03/02/2019_20:00:38,NA,NA,NA
03/02/2019_20:00:39,NA,NA,NA
03/02/2019_20:00:40,NA,NA,NA
03/02/2019_20:00:41,NA,NA,NA
03/02/2019_20:00:42,NA,NA,NA
03/02/2019_20:00:43,NA,NA,NA
03/02/2019_20:00:44,NA,NA,NA
03/02/2019_20:00:45,NA,NA,NA
03/02/2019_20:00:46,NA,NA,NA
03/02/2019_20:00:47,NA,NA,NA
03/02/2019_20:00:48,NA,NA,NA
03/02/2019_20:00:49,NA,NA,NA
03/02/2019_20:00:50,NA,NA,NA
03/02/2019_20:00:51,NA,NA,NA
03/02/2019_20:00:52,NA,NA,NA
03/02/2019_20:00:53,NA,NA,NA
03/02/2019_20:00:54,NA,NA,NA
03/02/2019_20:00:55,NA,NA,NA
03/02/2019_20:00:56,NA,NA,NA
03/02/2019_20:00:57,NA,NA,NA
03/02/2019_20:00:58,NA,NA,NA
03/02/2019_20:00:59,NA,NA,NA
03/02/2019_20:01:00,NA,NA,NA
03/02/2019_20:01:01,NA,NA,NA
03/02/2019_20:01:02,NA,NA,NA
03/02/2019_20:01:03,NA,NA,NA
03/02/2019_20:01:04,NA,NA,NA
03/02/2019_20:01:05,NA,NA,NA
03/02/2019_20:01:06,NA,NA,NA
03/02/2019_20:01:07,NA,NA,NA
03/02/2019_20:01:08,NA,NA,NA
03/02/2019_20:01:09,NA,NA,NA
03/02/2019_20:01:10,NA,NA,NA
03/02/2019_20:01:11,NA,NA,NA
03/02/2019_20:01:12,NA,NA,NA
03/02/2019_20:01:13,NA,NA,NA
03/02/2019_20:01:14,NA,NA,NA
03/02/2019_20:01:15,NA,NA,NA
03/02/2019_20:01:16,NA,NA,NA
03/02/2019_20:01:17,NA,NA,NA
03/02/2019_20:01:18,NA,NA,NA
03/02/2019_20:01:19,NA,NA,NA
03/02/2019_20:01:20,NA,NA,NA
03/02/2019_20:01:21,NA,NA,NA
03/02/2019_20:01:22,NA,NA,NA
03/02/2019_20:01:23,NA,NA,NA
03/02/2019_20:01:24,NA,NA,NA
03/02/2019_20:01:25,NA,NA,NA
03/02/2019_20:01:26,NA,NA,NA
03/02/2019_20:01:27,NA,NA,NA
03/02/2019_20:01:28,NA,NA,NA
03/02/2019_20:01:29,NA,NA,NA
03/02/2019_20:01:30,NA,NA,NA
03/02/2019_20:01:31,NA,NA,NA
03/02/2019_20:01:32,NA,NA,NA
03/02/2019_20:01:33,NA,NA,NA
03/02/2019_20:01:34,NA,NA,NA
03/02/2019_20:01:35,NA,NA,NA
03/02/2019_20:01:36,NA,NA,NA
03/02/2019_20:01:37,NA,NA,NA
03/02/2019_20:01:38,NA,NA,NA
03/02/2019_20:01:39,NA,NA,NA
03/02/2019_20:01:40,NA,NA,NA
03/02/2019_20:01:41,NA,NA,NA
03/02/2019_20:01:42,NA,NA,NA
03/02/2019_20:01:43,NA,NA,NA
03/02/2019_20:01:44,NA,NA,NA
03/02/2019_20:01:45,NA,NA,NA
03/02/2019_20:01:46,NA,NA,NA
03/02/2019_20:01:47,NA,NA,NA
03/02/2019_20:01:48,NA,NA,NA
03/02/2019_20:01:49,NA,NA,NA
03/02/2019_20:01:50,NA,NA,NA
03/02/2019_20:01:51,NA,NA,NA
03/02/2019_20:01:52,NA,NA,NA
03/02/2019_20:01:53,NA,NA,NA
03/02/2019_20:01:54,NA,NA,NA
03/02/2019_20:01:55,NA,NA,NA
03/02/2019_20:01:56,NA,NA,NA
03/02/2019_20:01:57,NA,NA,NA
03/02/2019_20:01:58,NA,NA,NA
03/02/2019_20:01:59,NA,NA,NA
03/02/2019_20:02:00,NA,NA,NA
03/02/2019_20:02:01,NA,NA,NA
03/02/2019_20:02:02,NA,NA,NA
03/02/2019_20:02:03,NA,NA,NA
03/02/2019_20:02:04,NA,NA,NA
03/02/2019_20:02:05,NA,NA,NA
03/02/2019_20:02:06,NA,NA,NA
03/02/2019_20:02:07,NA,NA,NA
03/02/2019_20:02:08,NA,NA,NA
03/02/2019_20:02:09,NA,NA,NA
03/02/2019_20:02:10,NA,NA,NA
03/02/2019_20:02:11,NA,NA,NA
03/02/2019_20:02:12,NA,NA,NA
03/02/2019_20:02:13,NA,NA,NA
03/02/2019_20:02:14,NA,NA,NA
03/02/2019_20:02:15,NA,NA,NA
03/02/2019_20:02:16,NA,NA,NA
03/02/2019_20:02:17,NA,NA,NA
03/02/2019_20:02:18,NA,NA,NA
03/02/2019_20:02:19,NA,NA,NA
03/02/2019_20:02:20,NA,NA,NA
03/02/2019_20:02:21,NA,NA,NA
03/02/2019_20:02:22,NA,NA,NA
03/02/2019_20:02:23,NA,NA,NA
03/02/2019_20:02:24,NA,NA,NA
03/02/2019_20:02:25,NA,NA,NA
03/02/2019_20:02:26,NA,NA,NA
03/02/2019_20:02:27,NA,NA,NA
03/02/2019_20:02:28,NA,NA,NA
03/02/2019_20:02:29,NA,NA,NA
03/02/2019_20:02:30,NA,NA,NA
03/02/2019_20:02:31,NA,NA,NA
03/02/2019_20:02:32,NA,NA,NA
03/02/2019_20:02:34,NA,NA,NA
03/02/2019_20:02:35,NA,NA,NA
03/02/2019_20:02:36,NA,NA,NA
03/02/2019_20:02:37,NA,NA,NA
03/02/2019_20:02:38,NA,NA,NA
03/02/2019_20:02:39,NA,NA,NA
03/02/2019_20:02:40,NA,NA,NA
03/02/2019_20:02:41,NA,NA,NA
03/02/2019_20:02:42,NA,NA,NA
03/02/2019_20:02:43,NA,NA,NA
03/02/2019_20:02:44,NA,NA,NA
03/02/2019_20:02:45,NA,NA,NA
03/02/2019_20:02:46,NA,NA,NA
03/02/2019_20:02:47,NA,NA,NA
03/02/2019_20:02:48,NA,NA,NA
03/02/2019_20:02:49,NA,NA,NA
03/02/2019_20:02:50,NA,NA,NA
03/02/2019_20:02:51,NA,NA,NA
03/02/2019_20:02:52,NA,NA,NA
03/02/2019_20:02:53,NA,NA,NA
03/02/2019_20:02:54,NA,NA,NA
03/02/2019_20:02:55,NA,NA,NA
03/02/2019_20:02:56,NA,NA,NA
03/02/2019_20:02:57,NA,NA,NA
03/02/2019_20:02:58,NA,NA,NA
03/02/2019_20:02:59,NA,NA,NA
03/02/2019_20:03:00,NA,NA,NA
03/02/2019_20:03:01,NA,NA,NA
03/02/2019_20:03:02,NA,NA,NA
03/02/2019_20:03:03,NA,NA,NA
03/02/2019_20:03:04,NA,NA,NA
03/02/2019_20:03:05,NA,NA,NA
03/02/2019_20:03:06,NA,NA,NA
03/02/2019_20:03:07,NA,NA,NA
03/02/2019_20:03:08,NA,NA,NA
03/02/2019_20:03:09,NA,NA,NA
03/02/2019_20:03:10,NA,NA,NA
03/02/2019_20:03:11,NA,NA,NA
03/02/2019_20:03:12,NA,NA,NA
03/02/2019_20:03:13,NA,NA,NA
03/02/2019_20:03:14,NA,NA,NA
03/02/2019_20:03:15,NA,NA,NA
03/02/2019_20:03:16,NA,NA,NA
03/02/2019_20:03:17,NA,NA,NA
03/02/2019_20:03:18,NA,NA,NA
03/02/2019_20:03:19,NA,NA,NA
03/02/2019_20:03:20,NA,NA,NA
03/02/2019_20:03:21,NA,NA,NA
03/02/2019_20:03:22,NA,NA,NA
03/02/2019_20:03:23,NA,NA,NA
03/02/2019_20:03:24,NA,NA,NA
03/02/2019_20:03:25,NA,NA,NA
03/02/2019_20:03:26,NA,NA,NA
03/02/2019_20:03:27,NA,NA,NA
03/02/2019_20:03:28,NA,NA,NA
03/02/2019_20:03:29,NA,NA,NA
03/02/2019_20:03:30,NA,NA,NA
03/02/2019_20:03:31,NA,NA,NA
03/02/2019_20:03:32,NA,NA,NA
03/02/2019_20:03:33,NA,NA,NA
03/02/2019_20:03:34,NA,NA,NA
03/02/2019_20:03:35,NA,NA,NA
03/02/2019_20:03:36,NA,NA,NA
03/02/2019_20:03:37,NA,NA,NA
03/02/2019_20:03:38,NA,NA,NA
03/02/2019_20:03:39,NA,NA,NA
03/02/2019_20:03:40,NA,NA,NA
03/02/2019_20:03:41,NA,NA,NA
03/02/2019_20:03:42,NA,NA,NA
03/02/2019_20:03:43,NA,NA,NA
03/02/2019_20:03:44,NA,NA,NA
03/02/2019_20:03:45,NA,NA,NA
03/02/2019_20:03:46,NA,NA,NA
03/02/2019_20:03:47,NA,NA,NA
03/02/2019_20:03:48,NA,NA,NA
03/02/2019_20:03:49,NA,NA,NA
03/02/2019_20:03:50,NA,NA,NA
03/02/2019_20:03:51,NA,NA,NA
03/02/2019_20:03:52,NA,NA,NA
03/02/2019_20:03:53,NA,NA,NA
03/02/2019_20:03:54,NA,NA,NA
03/02/2019_20:03:55,NA,NA,NA
03/02/2019_20:03:56,NA,NA,NA
03/02/2019_20:03:57,NA,NA,NA
03/02/2019_20:03:58,NA,NA,NA
03/02/2019_20:03:59,NA,NA,NA
03/02/2019_20:04:00,NA,NA,NA
03/02/2019_20:04:01,NA,NA,NA
03/02/2019_20:04:02,NA,NA,NA
03/02/2019_20:04:03,NA,NA,NA
03/02/2019_20:04:04,NA,NA,NA
03/02/2019_20:04:05,NA,NA,NA
03/02/2019_20:04:06,NA,NA,NA
03/02/2019_20:04:07,NA,NA,NA
03/02/2019_20:04:08,NA,NA,NA
03/02/2019_20:04:09,NA,NA,NA
03/02/2019_20:04:10,NA,NA,NA
03/02/2019_20:04:11,NA,NA,NA
03/02/2019_20:04:12,NA,NA,NA
03/02/2019_20:04:13,NA,NA,NA
03/02/2019_20:04:14,NA,NA,NA
03/02/2019_20:04:15,NA,NA,NA
03/02/2019_20:04:16,NA,NA,NA
03/02/2019_20:04:17,NA,NA,NA
03/02/2019_20:04:18,NA,NA,NA
03/02/2019_20:04:19,NA,NA,NA
03/02/2019_20:04:20,NA,NA,NA
03/02/2019_20:04:21,NA,NA,NA
03/02/2019_20:04:22,NA,NA,NA
03/02/2019_20:04:23,NA,NA,NA
03/02/2019_20:04:24,NA,NA,NA
03/02/2019_20:04:25,NA,NA,NA
03/02/2019_20:04:26,NA,NA,NA
03/02/2019_20:04:27,NA,NA,NA
03/02/2019_20:04:28,NA,NA,NA
03/02/2019_20:04:29,NA,NA,NA
03/02/2019_20:04:30,NA,NA,NA
03/02/2019_20:04:31,NA,NA,NA
03/02/2019_20:04:32,NA,NA,NA
03/02/2019_20:04:33,NA,NA,NA
03/02/2019_20:04:34,NA,NA,NA
03/02/2019_20:04:35,NA,NA,NA
03/02/2019_20:04:36,NA,NA,NA
03/02/2019_20:04:37,NA,NA,NA
03/02/2019_20:04:38,NA,NA,NA
03/02/2019_20:04:39,NA,NA,NA
03/02/2019_20:04:40,NA,NA,NA
03/02/2019_20:04:41,NA,NA,NA
03/02/2019_20:04:42,NA,NA,NA
03/02/2019_20:04:43,NA,NA,NA
03/02/2019_20:04:44,NA,NA,NA
03/02/2019_20:04:45,NA,NA,NA
03/02/2019_20:04:46,NA,NA,NA
03/02/2019_20:04:47,NA,NA,NA
03/02/2019_20:04:48,NA,NA,NA
03/02/2019_20:04:49,NA,NA,NA
03/02/2019_20:04:50,NA,NA,NA
03/02/2019_20:04:51,NA,NA,NA
03/02/2019_20:04:52,NA,NA,NA
03/02/2019_20:04:53,NA,NA,NA
03/02/2019_20:04:54,NA,NA,NA
03/02/2019_20:04:55,NA,NA,NA
03/02/2019_20:04:56,NA,NA,NA
03/02/2019_20:04:57,NA,NA,NA
03/02/2019_20:04:58,NA,NA,NA
03/02/2019_20:04:59,NA,NA,NA
03/02/2019_20:05:00,NA,NA,NA
03/02/2019_20:05:01,NA,NA,NA
03/02/2019_20:05:02,NA,NA,NA
03/02/2019_20:05:03,NA,NA,NA
03/02/2019_20:05:04,NA,NA,NA
03/02/2019_20:05:05,NA,NA,NA
03/02/2019_20:05:06,NA,NA,NA
03/02/2019_20:05:07,NA,NA,NA
03/02/2019_20:05:08,NA,NA,NA
03/02/2019_20:05:09,NA,NA,NA
03/02/2019_20:05:10,NA,NA,NA
03/02/2019_20:05:11,NA,NA,NA
03/02/2019_20:05:12,NA,NA,NA
03/02/2019_20:05:13,NA,NA,NA
03/02/2019_20:05:14,NA,NA,NA
03/02/2019_20:05:15,NA,NA,NA
03/02/2019_20:05:16,NA,NA,NA
03/02/2019_20:05:17,NA,NA,NA
03/02/2019_20:05:18,NA,NA,NA
03/02/2019_20:05:19,NA,NA,NA
03/02/2019_20:05:20,NA,NA,NA
03/02/2019_20:05:21,NA,NA,NA
03/02/2019_20:05:22,NA,NA,NA
03/02/2019_20:05:23,NA,NA,NA
03/02/2019_20:05:24,NA,NA,NA
03/02/2019_20:05:25,NA,NA,NA
03/02/2019_20:05:26,NA,NA,NA
03/02/2019_20:05:27,NA,NA,NA
03/02/2019_20:05:28,NA,NA,NA
03/02/2019_20:05:29,NA,NA,NA
03/02/2019_20:05:30,NA,NA,NA
03/02/2019_20:05:31,NA,NA,NA
03/02/2019_20:05:32,NA,NA,NA
03/02/2019_20:05:33,NA,NA,NA
03/02/2019_20:05:34,NA,NA,NA
03/02/2019_20:05:35,NA,NA,NA
03/02/2019_20:05:36,NA,NA,NA
03/02/2019_20:05:38,NA,NA,NA
03/02/2019_20:05:39,NA,NA,NA
03/02/2019_20:05:40,NA,NA,NA
03/02/2019_20:05:41,NA,NA,NA
03/02/2019_20:05:42,NA,NA,NA
03/02/2019_20:05:43,NA,NA,NA
03/02/2019_20:05:44,NA,NA,NA
03/02/2019_20:05:45,NA,NA,NA
03/02/2019_20:05:46,NA,NA,NA
03/02/2019_20:05:47,NA,NA,NA
03/02/2019_20:05:48,NA,NA,NA
03/02/2019_20:05:49,NA,NA,NA
03/02/2019_20:05:50,NA,NA,NA
03/02/2019_20:05:51,NA,NA,NA
03/02/2019_20:05:52,NA,NA,NA
03/02/2019_20:05:53,NA,NA,NA
03/02/2019_20:05:54,NA,NA,NA
03/02/2019_20:05:55,NA,NA,NA
03/02/2019_20:05:56,NA,NA,NA
03/02/2019_20:05:57,NA,NA,NA
03/02/2019_20:05:58,NA,NA,NA
03/02/2019_20:05:59,NA,NA,NA
03/02/2019_20:06:00,NA,NA,NA
03/02/2019_20:06:01,NA,NA,NA
03/02/2019_20:06:02,NA,NA,NA
03/02/2019_20:06:03,NA,NA,NA
03/02/2019_20:06:04,NA,NA,NA
03/02/2019_20:06:05,NA,NA,NA
03/02/2019_20:06:06,NA,NA,NA
03/02/2019_20:06:07,NA,NA,NA
03/02/2019_20:06:08,NA,NA,NA
03/02/2019_20:06:09,NA,NA,NA
03/02/2019_20:06:10,NA,NA,NA
03/02/2019_20:06:11,NA,NA,NA
03/02/2019_20:06:12,NA,NA,NA
03/02/2019_20:06:13,NA,NA,NA
03/02/2019_20:06:14,NA,NA,NA
03/02/2019_20:06:15,NA,NA,NA
03/02/2019_20:06:16,NA,NA,NA
03/02/2019_20:06:17,NA,NA,NA
03/02/2019_20:06:18,NA,NA,NA
03/02/2019_20:06:19,NA,NA,NA
03/02/2019_20:06:20,NA,NA,NA
03/02/2019_20:06:21,NA,NA,NA
03/02/2019_20:06:22,NA,NA,NA
03/02/2019_20:06:23,NA,NA,NA
03/02/2019_20:06:24,NA,NA,NA
03/02/2019_20:06:25,NA,NA,NA
03/02/2019_20:06:26,NA,NA,NA
03/02/2019_20:06:27,NA,NA,NA
03/02/2019_20:06:28,NA,NA,NA
03/02/2019_20:06:29,NA,NA,NA
03/02/2019_20:06:30,NA,NA,NA
03/02/2019_20:06:31,NA,NA,NA
03/02/2019_20:06:32,NA,NA,NA
03/02/2019_20:06:33,NA,NA,NA
03/02/2019_20:06:34,NA,NA,NA
03/02/2019_20:06:35,NA,NA,NA
03/02/2019_20:06:36,NA,NA,NA
03/02/2019_20:06:37,NA,NA,NA
03/02/2019_20:06:38,NA,NA,NA
03/02/2019_20:06:39,NA,NA,NA
03/02/2019_20:06:40,NA,NA,NA
03/02/2019_20:06:41,NA,NA,NA
03/02/2019_20:06:42,NA,NA,NA
03/02/2019_20:06:43,NA,NA,NA
03/02/2019_20:06:44,NA,NA,NA
03/02/2019_20:06:45,NA,NA,NA
03/02/2019_20:06:46,NA,NA,NA
03/02/2019_20:06:47,NA,NA,NA
03/02/2019_20:06:48,NA,NA,NA
03/02/2019_20:06:49,NA,NA,NA
03/02/2019_20:06:50,NA,NA,NA
03/02/2019_20:06:51,NA,NA,NA
03/02/2019_20:06:52,NA,NA,NA
03/02/2019_20:06:53,NA,NA,NA
03/02/2019_20:06:54,NA,NA,NA
03/02/2019_20:06:55,NA,NA,NA
03/02/2019_20:06:56,NA,NA,NA
03/02/2019_20:06:57,NA,NA,NA
03/02/2019_20:06:58,NA,NA,NA
03/02/2019_20:06:59,NA,NA,NA
03/02/2019_20:07:00,NA,NA,NA
03/02/2019_20:07:01,NA,NA,NA
03/02/2019_20:07:02,NA,NA,NA
03/02/2019_20:07:03,NA,NA,NA
03/02/2019_20:07:04,NA,NA,NA
03/02/2019_20:07:05,NA,NA,NA
03/02/2019_20:07:06,NA,NA,NA
03/02/2019_20:07:07,NA,NA,NA
03/02/2019_20:07:08,NA,NA,NA
03/02/2019_20:07:09,NA,NA,NA
03/02/2019_20:07:10,NA,NA,NA
03/02/2019_20:07:11,NA,NA,NA
03/02/2019_20:07:12,NA,NA,NA
03/02/2019_20:07:13,NA,NA,NA
03/02/2019_20:07:14,NA,NA,NA
03/02/2019_20:07:15,NA,NA,NA
03/02/2019_20:07:16,NA,NA,NA
03/02/2019_20:07:17,NA,NA,NA
03/02/2019_20:07:18,NA,NA,NA
03/02/2019_20:07:19,NA,NA,NA
03/02/2019_20:07:20,NA,NA,NA
03/02/2019_20:07:21,NA,NA,NA
03/02/2019_20:07:22,NA,NA,NA
03/02/2019_20:07:23,NA,NA,NA
03/02/2019_20:07:24,NA,NA,NA
03/02/2019_20:07:25,NA,NA,NA
03/02/2019_20:07:26,NA,NA,NA
03/02/2019_20:07:27,NA,NA,NA
03/02/2019_20:07:28,NA,NA,NA
03/02/2019_20:07:29,NA,NA,NA
03/02/2019_20:07:30,NA,NA,NA
03/02/2019_20:07:31,NA,NA,NA
03/02/2019_20:07:32,NA,NA,NA
03/02/2019_20:07:33,NA,NA,NA
03/02/2019_20:07:34,NA,NA,NA
03/02/2019_20:07:35,NA,NA,NA
03/02/2019_20:07:36,NA,NA,NA
03/02/2019_20:07:37,NA,NA,NA
03/02/2019_20:07:38,NA,NA,NA
03/02/2019_20:07:39,NA,NA,NA
03/02/2019_20:07:40,NA,NA,NA
03/02/2019_20:07:41,NA,NA,NA
03/02/2019_20:07:42,NA,NA,NA
03/02/2019_20:07:43,NA,NA,NA
03/02/2019_20:07:44,NA,NA,NA
03/02/2019_20:07:45,NA,NA,NA
03/02/2019_20:07:46,NA,NA,NA
03/02/2019_20:07:47,NA,NA,NA
03/02/2019_20:07:48,NA,NA,NA
03/02/2019_20:07:49,NA,NA,NA
03/02/2019_20:07:50,NA,NA,NA
03/02/2019_20:07:51,NA,NA,NA
03/02/2019_20:07:52,NA,NA,NA
03/02/2019_20:07:53,NA,NA,NA
03/02/2019_20:07:54,NA,NA,NA
03/02/2019_20:07:55,NA,NA,NA
03/02/2019_20:07:56,NA,NA,NA
03/02/2019_20:07:57,NA,NA,NA
03/02/2019_20:07:58,NA,NA,NA
03/02/2019_20:07:59,NA,NA,NA
03/02/2019_20:08:00,NA,NA,NA
03/02/2019_20:08:01,NA,NA,NA
03/02/2019_20:08:02,NA,NA,NA
03/02/2019_20:08:03,NA,NA,NA
03/02/2019_20:08:04,NA,NA,NA
03/02/2019_20:08:05,NA,NA,NA
03/02/2019_20:08:06,NA,NA,NA
03/02/2019_20:08:07,NA,NA,NA
03/02/2019_20:08:08,NA,NA,NA
03/02/2019_20:08:09,NA,NA,NA
03/02/2019_20:08:10,NA,NA,NA
03/02/2019_20:08:11,NA,NA,NA
03/02/2019_20:08:12,NA,NA,NA
03/02/2019_20:08:13,NA,NA,NA
03/02/2019_20:08:14,NA,NA,NA
03/02/2019_20:08:15,NA,NA,NA
03/02/2019_20:08:16,NA,NA,NA
03/02/2019_20:08:17,NA,NA,NA
03/02/2019_20:08:18,NA,NA,NA
03/02/2019_20:08:19,NA,NA,NA
03/02/2019_20:08:20,NA,NA,NA
03/02/2019_20:08:21,NA,NA,NA
03/02/2019_20:08:22,NA,NA,NA
03/02/2019_20:08:23,NA,NA,NA
03/02/2019_20:08:24,NA,NA,NA
03/02/2019_20:08:25,NA,NA,NA
03/02/2019_20:08:26,NA,NA,NA
03/02/2019_20:08:27,NA,NA,NA
03/02/2019_20:08:28,NA,NA,NA
03/02/2019_20:08:29,NA,NA,NA
03/02/2019_20:08:30,NA,NA,NA
03/02/2019_20:08:31,NA,NA,NA
03/02/2019_20:08:32,NA,NA,NA
03/02/2019_20:08:33,NA,NA,NA
03/02/2019_20:08:34,NA,NA,NA
03/02/2019_20:08:35,NA,NA,NA
03/02/2019_20:08:36,NA,NA,NA
03/02/2019_20:08:37,NA,NA,NA
03/02/2019_20:08:38,NA,NA,NA
03/02/2019_20:08:39,NA,NA,NA
03/02/2019_20:08:40,NA,NA,NA
03/02/2019_20:08:41,NA,NA,NA
03/02/2019_20:08:43,NA,NA,NA
03/02/2019_20:08:44,NA,NA,NA
03/02/2019_20:08:45,NA,NA,NA
03/02/2019_20:08:46,NA,NA,NA
03/02/2019_20:08:47,NA,NA,NA
03/02/2019_20:08:48,NA,NA,NA
03/02/2019_20:08:49,NA,NA,NA
03/02/2019_20:08:50,NA,NA,NA
03/02/2019_20:08:51,NA,NA,NA
03/02/2019_20:08:52,NA,NA,NA
03/02/2019_20:08:53,NA,NA,NA
03/02/2019_20:08:54,NA,NA,NA
03/02/2019_20:08:55,NA,NA,NA
03/02/2019_20:08:56,NA,NA,NA
03/02/2019_20:08:57,NA,NA,NA
03/02/2019_20:08:58,NA,NA,NA
03/02/2019_20:08:59,NA,NA,NA
03/02/2019_20:09:00,NA,NA,NA
03/02/2019_20:09:01,NA,NA,NA
03/02/2019_20:09:02,NA,NA,NA
03/02/2019_20:09:03,NA,NA,NA
03/02/2019_20:09:04,NA,NA,NA
03/02/2019_20:09:05,NA,NA,NA
03/02/2019_20:09:06,NA,NA,NA
03/02/2019_20:09:07,NA,NA,NA
03/02/2019_20:09:08,NA,NA,NA
03/02/2019_20:09:09,NA,NA,NA
03/02/2019_20:09:10,NA,NA,NA
03/02/2019_20:09:11,NA,NA,NA
03/02/2019_20:09:12,NA,NA,NA
03/02/2019_20:09:13,NA,NA,NA
03/02/2019_20:09:14,NA,NA,NA
03/02/2019_20:09:15,NA,NA,NA
03/02/2019_20:09:16,NA,NA,NA
03/02/2019_20:09:17,NA,NA,NA
03/02/2019_20:09:18,NA,NA,NA
03/02/2019_20:09:19,NA,NA,NA
03/02/2019_20:09:20,NA,NA,NA
03/02/2019_20:09:21,NA,NA,NA
03/02/2019_20:09:22,NA,NA,NA
03/02/2019_20:09:23,NA,NA,NA
03/02/2019_20:09:24,NA,NA,NA
03/02/2019_20:09:25,NA,NA,NA
03/02/2019_20:09:26,NA,NA,NA
03/02/2019_20:09:27,NA,NA,NA
03/02/2019_20:09:28,NA,NA,NA
03/02/2019_20:09:29,NA,NA,NA
03/02/2019_20:09:30,NA,NA,NA
03/02/2019_20:09:31,NA,NA,NA
03/02/2019_20:09:32,NA,NA,NA
03/02/2019_20:09:33,NA,NA,NA
03/02/2019_20:09:34,NA,NA,NA
03/02/2019_20:09:35,NA,NA,NA
03/02/2019_20:09:36,NA,NA,NA
03/02/2019_20:09:37,NA,NA,NA
03/02/2019_20:09:38,NA,NA,NA
03/02/2019_20:09:39,NA,NA,NA
03/02/2019_20:09:40,NA,NA,NA
03/02/2019_20:09:41,NA,NA,NA
03/02/2019_20:09:42,NA,NA,NA
03/02/2019_20:09:43,NA,NA,NA
03/02/2019_20:09:44,NA,NA,NA
03/02/2019_20:09:45,NA,NA,NA
03/02/2019_20:09:46,NA,NA,NA
03/02/2019_20:09:47,NA,NA,NA
03/02/2019_20:09:48,NA,NA,NA
03/02/2019_20:09:49,NA,NA,NA
03/02/2019_20:09:50,NA,NA,NA
03/02/2019_20:09:51,NA,NA,NA
03/02/2019_20:09:52,NA,NA,NA
03/02/2019_20:09:53,NA,NA,NA
03/02/2019_20:09:54,NA,NA,NA
03/02/2019_20:09:55,NA,NA,NA
03/02/2019_20:09:56,NA,NA,NA
03/02/2019_20:09:57,NA,NA,NA
03/02/2019_20:09:58,NA,NA,NA
03/02/2019_20:09:59,NA,NA,NA
03/02/2019_20:10:00,NA,NA,NA
03/02/2019_20:10:01,NA,NA,NA
03/02/2019_20:10:02,NA,NA,NA
03/02/2019_20:10:03,NA,NA,NA
03/02/2019_20:10:04,NA,NA,NA
03/02/2019_20:10:05,NA,NA,NA
03/02/2019_20:10:06,NA,NA,NA
03/02/2019_20:10:07,NA,NA,NA
03/02/2019_20:10:08,NA,NA,NA
03/02/2019_20:10:09,NA,NA,NA
03/02/2019_20:10:10,NA,NA,NA
03/02/2019_20:10:11,NA,NA,NA
03/02/2019_20:10:12,NA,NA,NA
03/02/2019_20:10:13,NA,NA,NA
03/02/2019_20:10:14,NA,NA,NA
03/02/2019_20:10:15,NA,NA,NA
03/02/2019_20:10:16,NA,NA,NA
03/02/2019_20:10:17,NA,NA,NA
03/02/2019_20:10:18,NA,NA,NA
03/02/2019_20:10:19,NA,NA,NA
03/02/2019_20:10:20,NA,NA,NA
03/02/2019_20:10:21,NA,NA,NA
03/02/2019_20:10:22,NA,NA,NA
03/02/2019_20:10:23,NA,NA,NA
03/02/2019_20:10:24,NA,NA,NA
03/02/2019_20:10:25,NA,NA,NA
03/02/2019_20:10:26,NA,NA,NA
03/02/2019_20:10:27,NA,NA,NA
03/02/2019_20:10:28,NA,NA,NA
03/02/2019_20:10:29,NA,NA,NA
03/02/2019_20:10:30,NA,NA,NA
03/02/2019_20:10:31,NA,NA,NA
03/02/2019_20:10:32,NA,NA,NA
03/02/2019_20:10:33,NA,NA,NA
03/02/2019_20:10:34,NA,NA,NA
03/02/2019_20:10:35,NA,NA,NA
03/02/2019_20:10:36,NA,NA,NA
03/02/2019_20:10:37,NA,NA,NA
03/02/2019_20:10:38,NA,NA,NA
03/02/2019_20:10:39,NA,NA,NA
03/02/2019_20:10:40,NA,NA,NA
03/02/2019_20:10:41,NA,NA,NA
03/02/2019_20:10:42,NA,NA,NA
03/02/2019_20:10:43,NA,NA,NA
03/02/2019_20:10:44,NA,NA,NA
03/02/2019_20:10:45,NA,NA,NA
03/02/2019_20:10:46,NA,NA,NA
03/02/2019_20:10:47,NA,NA,NA
03/02/2019_20:10:48,NA,NA,NA
03/02/2019_20:10:49,NA,NA,NA
03/02/2019_20:10:50,NA,NA,NA
03/02/2019_20:10:51,NA,NA,NA
03/02/2019_20:10:52,NA,NA,NA
03/02/2019_20:10:53,NA,NA,NA
03/02/2019_20:10:54,NA,NA,NA
03/02/2019_20:10:55,NA,NA,NA
03/02/2019_20:10:56,NA,NA,NA
03/02/2019_20:10:57,NA,NA,NA
03/02/2019_20:10:58,NA,NA,NA
03/02/2019_20:10:59,NA,NA,NA
03/02/2019_20:11:00,NA,NA,NA
03/02/2019_20:11:01,NA,NA,NA
03/02/2019_20:11:02,NA,NA,NA
03/02/2019_20:11:03,NA,NA,NA
03/02/2019_20:11:04,NA,NA,NA
03/02/2019_20:11:05,NA,NA,NA
03/02/2019_20:11:06,NA,NA,NA
03/02/2019_20:11:07,NA,NA,NA
03/02/2019_20:11:08,NA,NA,NA
03/02/2019_20:11:09,NA,NA,NA
03/02/2019_20:11:10,NA,NA,NA
03/02/2019_20:11:11,NA,NA,NA
03/02/2019_20:11:12,NA,NA,NA
03/02/2019_20:11:13,NA,NA,NA
03/02/2019_20:11:14,NA,NA,NA
03/02/2019_20:11:15,NA,NA,NA
03/02/2019_20:11:16,NA,NA,NA
03/02/2019_20:11:17,NA,NA,NA
03/02/2019_20:11:18,NA,NA,NA
03/02/2019_20:11:19,NA,NA,NA
03/02/2019_20:11:20,NA,NA,NA
03/02/2019_20:11:21,NA,NA,NA
03/02/2019_20:11:22,NA,NA,NA
03/02/2019_20:11:23,NA,NA,NA
03/02/2019_20:11:24,NA,NA,NA
03/02/2019_20:11:25,NA,NA,NA
03/02/2019_20:11:26,NA,NA,NA
03/02/2019_20:11:27,NA,NA,NA
03/02/2019_20:11:28,NA,NA,NA
03/02/2019_20:11:29,NA,NA,NA
03/02/2019_20:11:30,NA,NA,NA
03/02/2019_20:11:31,NA,NA,NA
03/02/2019_20:11:32,NA,NA,NA
03/02/2019_20:11:33,NA,NA,NA
03/02/2019_20:11:34,NA,NA,NA
03/02/2019_20:11:35,NA,NA,NA
03/02/2019_20:11:36,NA,NA,NA
03/02/2019_20:11:37,NA,NA,NA
03/02/2019_20:11:38,NA,NA,NA
03/02/2019_20:11:39,NA,NA,NA
03/02/2019_20:11:40,NA,NA,NA
03/02/2019_20:11:41,NA,NA,NA
03/02/2019_20:11:42,NA,NA,NA
03/02/2019_20:11:43,NA,NA,NA
03/02/2019_20:11:44,NA,NA,NA
03/02/2019_20:11:45,NA,NA,NA
03/02/2019_20:11:47,NA,NA,NA
03/02/2019_20:11:48,NA,NA,NA
03/02/2019_20:11:49,NA,NA,NA
03/02/2019_20:11:50,NA,NA,NA
03/02/2019_20:11:51,NA,NA,NA
03/02/2019_20:11:52,NA,NA,NA
03/02/2019_20:11:53,NA,NA,NA
03/02/2019_20:11:54,NA,NA,NA
03/02/2019_20:11:55,NA,NA,NA
03/02/2019_20:11:56,NA,NA,NA
03/02/2019_20:11:57,NA,NA,NA
03/02/2019_20:11:58,NA,NA,NA
03/02/2019_20:11:59,NA,NA,NA
03/02/2019_20:12:00,NA,NA,NA
03/02/2019_20:12:01,NA,NA,NA
03/02/2019_20:12:02,NA,NA,NA
03/02/2019_20:12:03,NA,NA,NA
03/02/2019_20:12:04,NA,NA,NA
03/02/2019_20:12:05,NA,NA,NA
03/02/2019_20:12:06,NA,NA,NA
03/02/2019_20:12:07,NA,NA,NA
03/02/2019_20:12:08,NA,NA,NA
03/02/2019_20:12:09,NA,NA,NA
03/02/2019_20:12:10,NA,NA,NA
03/02/2019_20:12:11,NA,NA,NA
03/02/2019_20:12:12,NA,NA,NA
03/02/2019_20:12:13,NA,NA,NA
03/02/2019_20:12:14,NA,NA,NA
03/02/2019_20:12:15,NA,NA,NA
03/02/2019_20:12:16,NA,NA,NA
03/02/2019_20:12:17,NA,NA,NA
03/02/2019_20:12:18,NA,NA,NA
03/02/2019_20:12:19,NA,NA,NA
03/02/2019_20:12:20,NA,NA,NA
03/02/2019_20:12:21,NA,NA,NA
03/02/2019_20:12:22,NA,NA,NA
03/02/2019_20:12:23,NA,NA,NA
03/02/2019_20:12:24,NA,NA,NA
03/02/2019_20:12:25,NA,NA,NA
03/02/2019_20:12:26,NA,NA,NA
03/02/2019_20:12:27,NA,NA,NA
03/02/2019_20:12:28,NA,NA,NA
03/02/2019_20:12:29,NA,NA,NA
03/02/2019_20:12:30,NA,NA,NA
03/02/2019_20:12:31,NA,NA,NA
03/02/2019_20:12:32,NA,NA,NA
03/02/2019_20:12:33,NA,NA,NA
03/02/2019_20:12:34,NA,NA,NA
03/02/2019_20:12:35,NA,NA,NA
03/02/2019_20:12:36,NA,NA,NA
03/02/2019_20:12:37,NA,NA,NA
03/02/2019_20:12:38,NA,NA,NA
03/02/2019_20:12:39,NA,NA,NA
03/02/2019_20:12:40,NA,NA,NA
03/02/2019_20:12:41,NA,NA,NA
03/02/2019_20:12:42,NA,NA,NA
03/02/2019_20:12:43,NA,NA,NA
03/02/2019_20:12:44,NA,NA,NA
03/02/2019_20:12:45,NA,NA,NA
03/02/2019_20:12:46,NA,NA,NA
03/02/2019_20:12:47,NA,NA,NA
03/02/2019_20:12:48,NA,NA,NA
03/02/2019_20:12:49,NA,NA,NA
03/02/2019_20:12:50,NA,NA,NA
03/02/2019_20:12:51,NA,NA,NA
03/02/2019_20:12:52,NA,NA,NA
03/02/2019_20:12:53,NA,NA,NA
03/02/2019_20:12:54,NA,NA,NA
03/02/2019_20:12:55,NA,NA,NA
03/02/2019_20:12:56,NA,NA,NA
03/02/2019_20:12:57,NA,NA,NA
03/02/2019_20:12:58,NA,NA,NA
03/02/2019_20:12:59,NA,NA,NA
03/02/2019_20:13:00,NA,NA,NA
03/02/2019_20:13:01,NA,NA,NA
03/02/2019_20:13:02,NA,NA,NA
03/02/2019_20:13:03,NA,NA,NA
03/02/2019_20:13:04,NA,NA,NA
03/02/2019_20:13:05,NA,NA,NA
03/02/2019_20:13:06,NA,NA,NA
03/02/2019_20:13:07,NA,NA,NA
03/02/2019_20:13:08,NA,NA,NA
03/02/2019_20:13:09,NA,NA,NA
03/02/2019_20:13:10,NA,NA,NA
03/02/2019_20:13:11,NA,NA,NA
03/02/2019_20:13:12,NA,NA,NA
03/02/2019_20:13:13,NA,NA,NA
03/02/2019_20:13:14,NA,NA,NA
03/02/2019_20:13:15,NA,NA,NA
03/02/2019_20:13:16,NA,NA,NA
03/02/2019_20:13:17,NA,NA,NA
03/02/2019_20:13:18,NA,NA,NA
03/02/2019_20:13:19,NA,NA,NA
03/02/2019_20:13:20,NA,NA,NA
03/02/2019_20:13:21,NA,NA,NA
03/02/2019_20:13:22,NA,NA,NA
03/02/2019_20:13:23,NA,NA,NA
03/02/2019_20:13:24,NA,NA,NA
03/02/2019_20:13:25,NA,NA,NA
03/02/2019_20:13:26,NA,NA,NA
03/02/2019_20:13:27,NA,NA,NA
03/02/2019_20:13:28,NA,NA,NA
03/02/2019_20:13:29,NA,NA,NA
03/02/2019_20:13:30,NA,NA,NA
03/02/2019_20:13:31,NA,NA,NA
03/02/2019_20:13:32,NA,NA,NA
03/02/2019_20:13:33,NA,NA,NA
03/02/2019_20:13:34,NA,NA,NA
03/02/2019_20:13:35,NA,NA,NA
03/02/2019_20:13:36,NA,NA,NA
03/02/2019_20:13:37,NA,NA,NA
03/02/2019_20:13:38,NA,NA,NA
03/02/2019_20:13:39,NA,NA,NA
03/02/2019_20:13:40,NA,NA,NA
03/02/2019_20:13:41,NA,NA,NA
03/02/2019_20:13:42,NA,NA,NA
03/02/2019_20:13:43,NA,NA,NA
03/02/2019_20:13:44,NA,NA,NA
03/02/2019_20:13:45,NA,NA,NA
03/02/2019_20:13:46,NA,NA,NA
03/02/2019_20:13:47,NA,NA,NA
03/02/2019_20:13:48,NA,NA,NA
03/02/2019_20:13:49,NA,NA,NA
03/02/2019_20:13:50,NA,NA,NA
03/02/2019_20:13:51,NA,NA,NA
03/02/2019_20:13:52,NA,NA,NA
03/02/2019_20:13:53,NA,NA,NA
03/02/2019_20:13:54,NA,NA,NA
03/02/2019_20:13:55,NA,NA,NA
03/02/2019_20:13:56,NA,NA,NA
03/02/2019_20:13:57,NA,NA,NA
03/02/2019_20:13:58,NA,NA,NA
03/02/2019_20:13:59,NA,NA,NA
03/02/2019_20:14:00,NA,NA,NA
03/02/2019_20:14:01,NA,NA,NA
03/02/2019_20:14:02,NA,NA,NA
03/02/2019_20:14:03,NA,NA,NA
03/02/2019_20:14:04,NA,NA,NA
03/02/2019_20:14:05,NA,NA,NA
03/02/2019_20:14:06,NA,NA,NA
03/02/2019_20:14:07,NA,NA,NA
03/02/2019_20:14:08,NA,NA,NA
03/02/2019_20:14:09,NA,NA,NA
03/02/2019_20:14:10,NA,NA,NA
03/02/2019_20:14:11,NA,NA,NA
03/02/2019_20:14:12,NA,NA,NA
03/02/2019_20:14:13,NA,NA,NA
03/02/2019_20:14:14,NA,NA,NA
03/02/2019_20:14:15,NA,NA,NA
03/02/2019_20:14:16,NA,NA,NA
03/02/2019_20:14:17,NA,NA,NA
03/02/2019_20:14:18,NA,NA,NA
03/02/2019_20:14:19,NA,NA,NA
03/02/2019_20:14:20,NA,NA,NA
03/02/2019_20:14:21,NA,NA,NA
03/02/2019_20:14:22,NA,NA,NA
03/02/2019_20:14:23,NA,NA,NA
03/02/2019_20:14:24,NA,NA,NA
03/02/2019_20:14:25,NA,NA,NA
03/02/2019_20:14:26,NA,NA,NA
03/02/2019_20:14:27,NA,NA,NA
03/02/2019_20:14:28,NA,NA,NA
03/02/2019_20:14:29,NA,NA,NA
03/02/2019_20:14:30,NA,NA,NA
03/02/2019_20:14:31,NA,NA,NA
03/02/2019_20:14:32,NA,NA,NA
03/02/2019_20:14:33,NA,NA,NA
03/02/2019_20:14:34,NA,NA,NA
03/02/2019_20:14:35,NA,NA,NA
03/02/2019_20:14:36,NA,NA,NA
03/02/2019_20:14:37,NA,NA,NA
03/02/2019_20:14:38,NA,NA,NA
03/02/2019_20:14:39,NA,NA,NA
03/02/2019_20:14:40,NA,NA,NA
03/02/2019_20:14:41,NA,NA,NA
03/02/2019_20:14:42,NA,NA,NA
03/02/2019_20:14:43,NA,NA,NA
03/02/2019_20:14:44,NA,NA,NA
03/02/2019_20:14:45,NA,NA,NA
03/02/2019_20:14:46,NA,NA,NA
03/02/2019_20:14:47,NA,NA,NA
03/02/2019_20:14:48,NA,NA,NA
03/02/2019_20:14:49,NA,NA,NA
03/02/2019_20:14:50,NA,NA,NA
03/02/2019_20:14:52,NA,NA,NA
03/02/2019_20:14:53,NA,NA,NA
03/02/2019_20:14:54,NA,NA,NA
03/02/2019_20:14:55,NA,NA,NA
03/02/2019_20:14:56,NA,NA,NA
03/02/2019_20:14:57,NA,NA,NA
03/02/2019_20:14:58,NA,NA,NA
03/02/2019_20:14:59,NA,NA,NA
03/02/2019_20:15:00,NA,NA,NA
03/02/2019_20:15:01,NA,NA,NA
03/02/2019_20:15:02,NA,NA,NA
03/02/2019_20:15:03,NA,NA,NA
03/02/2019_20:15:04,NA,NA,NA
03/02/2019_20:15:05,NA,NA,NA
03/02/2019_20:15:06,NA,NA,NA
03/02/2019_20:15:07,NA,NA,NA
03/02/2019_20:15:08,NA,NA,NA
03/02/2019_20:15:09,NA,NA,NA
03/02/2019_20:15:10,NA,NA,NA
03/02/2019_20:15:11,NA,NA,NA
03/02/2019_20:15:12,NA,NA,NA
03/02/2019_20:15:13,NA,NA,NA
03/02/2019_20:15:14,NA,NA,NA
03/02/2019_20:15:15,NA,NA,NA
03/02/2019_20:15:16,NA,NA,NA
03/02/2019_20:15:17,NA,NA,NA
03/02/2019_20:15:18,NA,NA,NA
03/02/2019_20:15:19,NA,NA,NA
03/02/2019_20:15:20,NA,NA,NA
03/02/2019_20:15:21,NA,NA,NA
03/02/2019_20:15:22,NA,NA,NA
03/02/2019_20:15:23,NA,NA,NA
03/02/2019_20:15:24,NA,NA,NA
03/02/2019_20:15:25,NA,NA,NA
03/02/2019_20:15:26,NA,NA,NA
03/02/2019_20:15:27,NA,NA,NA
03/02/2019_20:15:28,NA,NA,NA
03/02/2019_20:15:29,NA,NA,NA
03/02/2019_20:15:30,NA,NA,NA
03/02/2019_20:15:31,NA,NA,NA
03/02/2019_20:15:32,NA,NA,NA
03/02/2019_20:15:33,NA,NA,NA
03/02/2019_20:15:34,NA,NA,NA
03/02/2019_20:15:35,NA,NA,NA
03/02/2019_20:15:36,NA,NA,NA
03/02/2019_20:15:37,NA,NA,NA
03/02/2019_20:15:38,NA,NA,NA
03/02/2019_20:15:39,NA,NA,NA
03/02/2019_20:15:40,NA,NA,NA
03/02/2019_20:15:41,NA,NA,NA
03/02/2019_20:15:42,NA,NA,NA
03/02/2019_20:15:43,NA,NA,NA
03/02/2019_20:15:44,NA,NA,NA
03/02/2019_20:15:45,NA,NA,NA
03/02/2019_20:15:46,NA,NA,NA
03/02/2019_20:15:47,NA,NA,NA
03/02/2019_20:15:48,NA,NA,NA
03/02/2019_20:15:49,NA,NA,NA
03/02/2019_20:15:50,NA,NA,NA
03/02/2019_20:15:51,NA,NA,NA
03/02/2019_20:15:52,NA,NA,NA
03/02/2019_20:15:53,NA,NA,NA
03/02/2019_20:15:54,NA,NA,NA
03/02/2019_20:15:55,NA,NA,NA
03/02/2019_20:15:56,NA,NA,NA
03/02/2019_20:15:57,NA,NA,NA
03/02/2019_20:15:58,NA,NA,NA
03/02/2019_20:15:59,NA,NA,NA
03/02/2019_20:16:00,NA,NA,NA
03/02/2019_20:16:01,NA,NA,NA
03/02/2019_20:16:02,NA,NA,NA
03/02/2019_20:16:03,NA,NA,NA
03/02/2019_20:16:04,NA,NA,NA
03/02/2019_20:16:05,NA,NA,NA
03/02/2019_20:16:06,NA,NA,NA
03/02/2019_20:16:07,NA,NA,NA
03/02/2019_20:16:08,NA,NA,NA
03/02/2019_20:16:09,NA,NA,NA
03/02/2019_20:16:10,NA,NA,NA
03/02/2019_20:16:11,NA,NA,NA
03/02/2019_20:16:12,NA,NA,NA
03/02/2019_20:16:13,NA,NA,NA
03/02/2019_20:16:14,NA,NA,NA
03/02/2019_20:16:15,NA,NA,NA
03/02/2019_20:16:16,NA,NA,NA
03/02/2019_20:16:17,NA,NA,NA
03/02/2019_20:16:18,NA,NA,NA
03/02/2019_20:16:19,NA,NA,NA
03/02/2019_20:16:20,NA,NA,NA
03/02/2019_20:16:21,NA,NA,NA
03/02/2019_20:16:22,NA,NA,NA
03/02/2019_20:16:23,NA,NA,NA
03/02/2019_20:16:24,NA,NA,NA
03/02/2019_20:16:25,NA,NA,NA
03/02/2019_20:16:26,NA,NA,NA
03/02/2019_20:16:27,NA,NA,NA
03/02/2019_20:16:28,NA,NA,NA
03/02/2019_20:16:29,NA,NA,NA
03/02/2019_20:16:30,NA,NA,NA
03/02/2019_20:16:31,NA,NA,NA
03/02/2019_20:16:32,NA,NA,NA
03/02/2019_20:16:33,NA,NA,NA
03/02/2019_20:16:34,NA,NA,NA
03/02/2019_20:16:35,NA,NA,NA
03/02/2019_20:16:36,NA,NA,NA
03/02/2019_20:16:37,NA,NA,NA
03/02/2019_20:16:38,NA,NA,NA
03/02/2019_20:16:39,NA,NA,NA
03/02/2019_20:16:40,NA,NA,NA
03/02/2019_20:16:41,NA,NA,NA
03/02/2019_20:16:42,NA,NA,NA
03/02/2019_20:16:43,NA,NA,NA
03/02/2019_20:16:44,NA,NA,NA
03/02/2019_20:16:45,NA,NA,NA
03/02/2019_20:16:46,NA,NA,NA
03/02/2019_20:16:47,NA,NA,NA
03/02/2019_20:16:48,NA,NA,NA
03/02/2019_20:16:49,NA,NA,NA
03/02/2019_20:16:50,NA,NA,NA
03/02/2019_20:16:51,NA,NA,NA
03/02/2019_20:16:52,NA,NA,NA
03/02/2019_20:16:53,NA,NA,NA
03/02/2019_20:16:54,NA,NA,NA
03/02/2019_20:16:55,NA,NA,NA
03/02/2019_20:16:56,NA,NA,NA
03/02/2019_20:16:57,NA,NA,NA
03/02/2019_20:16:58,NA,NA,NA
03/02/2019_20:16:59,NA,NA,NA
03/02/2019_20:17:00,NA,NA,NA
03/02/2019_20:17:01,NA,NA,NA
03/02/2019_20:17:02,NA,NA,NA
03/02/2019_20:17:03,NA,NA,NA
03/02/2019_20:17:04,NA,NA,NA
03/02/2019_20:17:05,NA,NA,NA
03/02/2019_20:17:06,NA,NA,NA
03/02/2019_20:17:07,NA,NA,NA
03/02/2019_20:17:08,NA,NA,NA
03/02/2019_20:17:09,NA,NA,NA
03/02/2019_20:17:10,NA,NA,NA
03/02/2019_20:17:11,NA,NA,NA
03/02/2019_20:17:12,NA,NA,NA
03/02/2019_20:17:13,NA,NA,NA
03/02/2019_20:17:14,NA,NA,NA
03/02/2019_20:17:15,NA,NA,NA
03/02/2019_20:17:16,NA,NA,NA
03/02/2019_20:17:17,NA,NA,NA
03/02/2019_20:17:18,NA,NA,NA
03/02/2019_20:17:19,NA,NA,NA
03/02/2019_20:17:20,NA,NA,NA
03/02/2019_20:17:21,NA,NA,NA
03/02/2019_20:17:22,NA,NA,NA
03/02/2019_20:17:23,NA,NA,NA
03/02/2019_20:17:24,NA,NA,NA
03/02/2019_20:17:25,NA,NA,NA
03/02/2019_20:17:26,NA,NA,NA
03/02/2019_20:17:27,NA,NA,NA
03/02/2019_20:17:28,NA,NA,NA
03/02/2019_20:17:29,NA,NA,NA
03/02/2019_20:17:30,NA,NA,NA
03/02/2019_20:17:31,NA,NA,NA
03/02/2019_20:17:32,NA,NA,NA
03/02/2019_20:17:33,NA,NA,NA
03/02/2019_20:17:34,NA,NA,NA
03/02/2019_20:17:35,NA,NA,NA
03/02/2019_20:17:36,NA,NA,NA
03/02/2019_20:17:37,NA,NA,NA
03/02/2019_20:17:38,NA,NA,NA
03/02/2019_20:17:39,NA,NA,NA
03/02/2019_20:17:40,NA,NA,NA
03/02/2019_20:17:41,NA,NA,NA
03/02/2019_20:17:42,NA,NA,NA
03/02/2019_20:17:43,NA,NA,NA
03/02/2019_20:17:44,NA,NA,NA
03/02/2019_20:17:45,NA,NA,NA
03/02/2019_20:17:46,NA,NA,NA
03/02/2019_20:17:47,NA,NA,NA
03/02/2019_20:17:48,NA,NA,NA
03/02/2019_20:17:49,NA,NA,NA
03/02/2019_20:17:50,NA,NA,NA
03/02/2019_20:17:51,NA,NA,NA
03/02/2019_20:17:52,NA,NA,NA
03/02/2019_20:17:53,NA,NA,NA
03/02/2019_20:17:55,NA,NA,NA
03/02/2019_20:17:56,NA,NA,NA
03/02/2019_20:17:57,NA,NA,NA
03/02/2019_20:17:58,NA,NA,NA
03/02/2019_20:17:59,NA,NA,NA
03/02/2019_20:18:00,NA,NA,NA
03/02/2019_20:18:01,NA,NA,NA
03/02/2019_20:18:02,NA,NA,NA
03/02/2019_20:18:03,NA,NA,NA
03/02/2019_20:18:04,NA,NA,NA
03/02/2019_20:18:05,NA,NA,NA
03/02/2019_20:18:06,NA,NA,NA
03/02/2019_20:18:07,NA,NA,NA
03/02/2019_20:18:08,NA,NA,NA
03/02/2019_20:18:09,NA,NA,NA
03/02/2019_20:18:10,NA,NA,NA
03/02/2019_20:18:11,NA,NA,NA
03/02/2019_20:18:12,NA,NA,NA
03/02/2019_20:18:13,NA,NA,NA
03/02/2019_20:18:14,NA,NA,NA
03/02/2019_20:18:15,NA,NA,NA
03/02/2019_20:18:16,NA,NA,NA
03/02/2019_20:18:17,NA,NA,NA
03/02/2019_20:18:18,NA,NA,NA
03/02/2019_20:18:19,NA,NA,NA
03/02/2019_20:18:20,NA,NA,NA
03/02/2019_20:18:21,NA,NA,NA
03/02/2019_20:18:22,NA,NA,NA
03/02/2019_20:18:23,NA,NA,NA
03/02/2019_20:18:24,NA,NA,NA
03/02/2019_20:18:25,NA,NA,NA
03/02/2019_20:18:26,NA,NA,NA
03/02/2019_20:18:27,NA,NA,NA
03/02/2019_20:18:28,NA,NA,NA
03/02/2019_20:18:29,NA,NA,NA
03/02/2019_20:18:30,NA,NA,NA
03/02/2019_20:18:31,NA,NA,NA
03/02/2019_20:18:32,NA,NA,NA
03/02/2019_20:18:33,NA,NA,NA
03/02/2019_20:18:34,NA,NA,NA
03/02/2019_20:18:35,NA,NA,NA
03/02/2019_20:18:36,NA,NA,NA
03/02/2019_20:18:37,NA,NA,NA
03/02/2019_20:18:38,NA,NA,NA
03/02/2019_20:18:39,NA,NA,NA
03/02/2019_20:18:40,NA,NA,NA
03/02/2019_20:18:41,NA,NA,NA
03/02/2019_20:18:42,NA,NA,NA
03/02/2019_20:18:43,NA,NA,NA
03/02/2019_20:18:44,NA,NA,NA
03/02/2019_20:18:45,NA,NA,NA
03/02/2019_20:18:46,NA,NA,NA
03/02/2019_20:18:47,NA,NA,NA
03/02/2019_20:18:48,NA,NA,NA
03/02/2019_20:18:49,NA,NA,NA
03/02/2019_20:18:50,NA,NA,NA
03/02/2019_20:18:51,NA,NA,NA
03/02/2019_20:18:52,NA,NA,NA
03/02/2019_20:18:53,NA,NA,NA
03/02/2019_20:18:54,NA,NA,NA
03/02/2019_20:18:55,NA,NA,NA
03/02/2019_20:18:56,NA,NA,NA
03/02/2019_20:18:57,NA,NA,NA
03/02/2019_20:18:58,NA,NA,NA
03/02/2019_20:18:59,NA,NA,NA
03/02/2019_20:19:00,NA,NA,NA
03/02/2019_20:19:01,NA,NA,NA
03/02/2019_20:19:02,NA,NA,NA
03/02/2019_20:19:03,NA,NA,NA
03/02/2019_20:19:04,NA,NA,NA
03/02/2019_20:19:05,NA,NA,NA
03/02/2019_20:19:06,NA,NA,NA
03/02/2019_20:19:07,NA,NA,NA
03/02/2019_20:19:08,NA,NA,NA
03/02/2019_20:19:09,NA,NA,NA
03/02/2019_20:19:10,NA,NA,NA
03/02/2019_20:19:11,NA,NA,NA
03/02/2019_20:19:12,NA,NA,NA
03/02/2019_20:19:13,NA,NA,NA
03/02/2019_20:19:14,NA,NA,NA
03/02/2019_20:19:15,NA,NA,NA
03/02/2019_20:19:16,NA,NA,NA
03/02/2019_20:19:17,NA,NA,NA
03/02/2019_20:19:18,NA,NA,NA
03/02/2019_20:19:19,NA,NA,NA
03/02/2019_20:19:20,NA,NA,NA
03/02/2019_20:19:21,NA,NA,NA
03/02/2019_20:19:22,NA,NA,NA
03/02/2019_20:19:23,NA,NA,NA
03/02/2019_20:19:24,NA,NA,NA
03/02/2019_20:19:25,NA,NA,NA
03/02/2019_20:19:26,NA,NA,NA
03/02/2019_20:19:27,NA,NA,NA
03/02/2019_20:19:28,NA,NA,NA
03/02/2019_20:19:29,NA,NA,NA
03/02/2019_20:19:30,NA,NA,NA
03/02/2019_20:19:31,NA,NA,NA
03/02/2019_20:19:32,NA,NA,NA
03/02/2019_20:19:33,NA,NA,NA
03/02/2019_20:19:34,NA,NA,NA
03/02/2019_20:19:35,NA,NA,NA
03/02/2019_20:19:36,NA,NA,NA
03/02/2019_20:19:37,NA,NA,NA
03/02/2019_20:19:38,NA,NA,NA
03/02/2019_20:19:39,NA,NA,NA
03/02/2019_20:19:40,NA,NA,NA
03/02/2019_20:19:41,NA,NA,NA
03/02/2019_20:19:42,NA,NA,NA
03/02/2019_20:19:43,NA,NA,NA
03/02/2019_20:19:44,NA,NA,NA
03/02/2019_20:19:45,NA,NA,NA
03/02/2019_20:19:46,NA,NA,NA
03/02/2019_20:19:47,NA,NA,NA
03/02/2019_20:19:48,NA,NA,NA
03/02/2019_20:19:49,NA,NA,NA
03/02/2019_20:19:50,NA,NA,NA
03/02/2019_20:19:51,NA,NA,NA
03/02/2019_20:19:52,NA,NA,NA
03/02/2019_20:19:53,NA,NA,NA
03/02/2019_20:19:54,NA,NA,NA
03/02/2019_20:19:55,NA,NA,NA
03/02/2019_20:19:56,NA,NA,NA
03/02/2019_20:19:57,NA,NA,NA
03/02/2019_20:19:58,NA,NA,NA
03/02/2019_20:19:59,NA,NA,NA
03/02/2019_20:20:00,NA,NA,NA
03/02/2019_20:20:01,NA,NA,NA
03/02/2019_20:20:02,NA,NA,NA
03/02/2019_20:20:03,NA,NA,NA
03/02/2019_20:20:04,NA,NA,NA
03/02/2019_20:20:05,NA,NA,NA
03/02/2019_20:20:06,NA,NA,NA
03/02/2019_20:20:07,NA,NA,NA
03/02/2019_20:20:08,NA,NA,NA
03/02/2019_20:20:09,NA,NA,NA
03/02/2019_20:20:10,NA,NA,NA
03/02/2019_20:20:11,NA,NA,NA
03/02/2019_20:20:12,NA,NA,NA
03/02/2019_20:20:13,NA,NA,NA
03/02/2019_20:20:14,NA,NA,NA
03/02/2019_20:20:15,NA,NA,NA
03/02/2019_20:20:16,NA,NA,NA
03/02/2019_20:20:17,NA,NA,NA
03/02/2019_20:20:18,NA,NA,NA
03/02/2019_20:20:19,NA,NA,NA
03/02/2019_20:20:20,NA,NA,NA
03/02/2019_20:20:21,NA,NA,NA
03/02/2019_20:20:22,NA,NA,NA
03/02/2019_20:20:23,NA,NA,NA
03/02/2019_20:20:24,NA,NA,NA
03/02/2019_20:20:25,NA,NA,NA
03/02/2019_20:20:26,NA,NA,NA
03/02/2019_20:20:27,NA,NA,NA
03/02/2019_20:20:28,NA,NA,NA
03/02/2019_20:20:29,NA,NA,NA
03/02/2019_20:20:30,NA,NA,NA
03/02/2019_20:20:31,NA,NA,NA
03/02/2019_20:20:32,NA,NA,NA
03/02/2019_20:20:33,NA,NA,NA
03/02/2019_20:20:34,NA,NA,NA
03/02/2019_20:20:35,NA,NA,NA
03/02/2019_20:20:36,NA,NA,NA
03/02/2019_20:20:37,NA,NA,NA
03/02/2019_20:20:38,NA,NA,NA
03/02/2019_20:20:39,NA,NA,NA
03/02/2019_20:20:40,NA,NA,NA
03/02/2019_20:20:41,NA,NA,NA
03/02/2019_20:20:42,NA,NA,NA
03/02/2019_20:20:43,NA,NA,NA
03/02/2019_20:20:44,NA,NA,NA
03/02/2019_20:20:45,NA,NA,NA
03/02/2019_20:20:46,NA,NA,NA
03/02/2019_20:20:47,NA,NA,NA
03/02/2019_20:20:48,NA,NA,NA
03/02/2019_20:20:49,NA,NA,NA
03/02/2019_20:20:50,NA,NA,NA
03/02/2019_20:20:51,NA,NA,NA
03/02/2019_20:20:52,NA,NA,NA
03/02/2019_20:20:54,NA,NA,NA
03/02/2019_20:20:55,NA,NA,NA
03/02/2019_20:20:56,NA,NA,NA
03/02/2019_20:20:57,NA,NA,NA
03/02/2019_20:20:58,NA,NA,NA
03/02/2019_20:20:59,NA,NA,NA
03/02/2019_20:21:00,NA,NA,NA
03/02/2019_20:21:01,NA,NA,NA
03/02/2019_20:21:02,NA,NA,NA
03/02/2019_20:21:03,NA,NA,NA
03/02/2019_20:21:04,NA,NA,NA
03/02/2019_20:21:05,NA,NA,NA
03/02/2019_20:21:06,NA,NA,NA
03/02/2019_20:21:07,NA,NA,NA
03/02/2019_20:21:08,NA,NA,NA
03/02/2019_20:21:09,NA,NA,NA
03/02/2019_20:21:10,NA,NA,NA
03/02/2019_20:21:11,NA,NA,NA
03/02/2019_20:21:12,NA,NA,NA
03/02/2019_20:21:13,NA,NA,NA
03/02/2019_20:21:14,NA,NA,NA
03/02/2019_20:21:15,NA,NA,NA
03/02/2019_20:21:16,NA,NA,NA
03/02/2019_20:21:17,NA,NA,NA
03/02/2019_20:21:18,NA,NA,NA
03/02/2019_20:21:19,NA,NA,NA
03/02/2019_20:21:20,NA,NA,NA
03/02/2019_20:21:21,NA,NA,NA
03/02/2019_20:21:22,NA,NA,NA
03/02/2019_20:21:23,NA,NA,NA
03/02/2019_20:21:24,NA,NA,NA
03/02/2019_20:21:25,NA,NA,NA
03/02/2019_20:21:26,NA,NA,NA
03/02/2019_20:21:27,NA,NA,NA
03/02/2019_20:21:28,NA,NA,NA
03/02/2019_20:21:29,NA,NA,NA
03/02/2019_20:21:30,NA,NA,NA
03/02/2019_20:21:31,NA,NA,NA
03/02/2019_20:21:32,NA,NA,NA
03/02/2019_20:21:33,NA,NA,NA
03/02/2019_20:21:34,NA,NA,NA
03/02/2019_20:21:35,NA,NA,NA
03/02/2019_20:21:36,NA,NA,NA
03/02/2019_20:21:37,NA,NA,NA
03/02/2019_20:21:38,NA,NA,NA
03/02/2019_20:21:39,NA,NA,NA
03/02/2019_20:21:40,NA,NA,NA
03/02/2019_20:21:41,NA,NA,NA
03/02/2019_20:21:42,NA,NA,NA
03/02/2019_20:21:43,NA,NA,NA
03/02/2019_20:21:44,NA,NA,NA
03/02/2019_20:21:45,NA,NA,NA
03/02/2019_20:21:46,NA,NA,NA
03/02/2019_20:21:47,NA,NA,NA
03/02/2019_20:21:48,NA,NA,NA
03/02/2019_20:21:49,NA,NA,NA
03/02/2019_20:21:50,NA,NA,NA
03/02/2019_20:21:51,NA,NA,NA
03/02/2019_20:21:52,NA,NA,NA
03/02/2019_20:21:53,NA,NA,NA
03/02/2019_20:21:54,NA,NA,NA
03/02/2019_20:21:55,NA,NA,NA
03/02/2019_20:21:56,NA,NA,NA
03/02/2019_20:21:57,NA,NA,NA
03/02/2019_20:21:58,NA,NA,NA
03/02/2019_20:21:59,NA,NA,NA
03/02/2019_20:22:00,NA,NA,NA
03/02/2019_20:22:01,NA,NA,NA
03/02/2019_20:22:02,NA,NA,NA
03/02/2019_20:22:03,NA,NA,NA
03/02/2019_20:22:04,NA,NA,NA
03/02/2019_20:22:05,NA,NA,NA
03/02/2019_20:22:06,NA,NA,NA
03/02/2019_20:22:07,NA,NA,NA
03/02/2019_20:22:08,NA,NA,NA
03/02/2019_20:22:09,NA,NA,NA
03/02/2019_20:22:10,NA,NA,NA
03/02/2019_20:22:11,NA,NA,NA
03/02/2019_20:22:12,NA,NA,NA
03/02/2019_20:22:13,NA,NA,NA
03/02/2019_20:22:14,NA,NA,NA
03/02/2019_20:22:15,NA,NA,NA
03/02/2019_20:22:16,NA,NA,NA
03/02/2019_20:22:17,NA,NA,NA
03/02/2019_20:22:18,NA,NA,NA
03/02/2019_20:22:19,NA,NA,NA
03/02/2019_20:22:20,NA,NA,NA
03/02/2019_20:22:21,NA,NA,NA
03/02/2019_20:22:22,NA,NA,NA
03/02/2019_20:22:23,NA,NA,NA
03/02/2019_20:22:24,NA,NA,NA
03/02/2019_20:22:25,NA,NA,NA
03/02/2019_20:22:26,NA,NA,NA
03/02/2019_20:22:27,NA,NA,NA
03/02/2019_20:22:28,NA,NA,NA
03/02/2019_20:22:29,NA,NA,NA
03/02/2019_20:22:30,NA,NA,NA
03/02/2019_20:22:31,NA,NA,NA
03/02/2019_20:22:32,NA,NA,NA
03/02/2019_20:22:33,NA,NA,NA
03/02/2019_20:22:34,NA,NA,NA
03/02/2019_20:22:35,NA,NA,NA
03/02/2019_20:22:36,NA,NA,NA
03/02/2019_20:22:37,NA,NA,NA
03/02/2019_20:22:38,NA,NA,NA
03/02/2019_20:22:39,NA,NA,NA
03/02/2019_20:22:40,NA,NA,NA
03/02/2019_20:22:41,NA,NA,NA
03/02/2019_20:22:42,NA,NA,NA
03/02/2019_20:22:43,NA,NA,NA
03/02/2019_20:22:44,NA,NA,NA
03/02/2019_20:22:45,NA,NA,NA
03/02/2019_20:22:46,NA,NA,NA
03/02/2019_20:22:47,NA,NA,NA
03/02/2019_20:22:48,NA,NA,NA
03/02/2019_20:22:49,NA,NA,NA
03/02/2019_20:22:50,NA,NA,NA
03/02/2019_20:22:51,NA,NA,NA
03/02/2019_20:22:52,NA,NA,NA
03/02/2019_20:22:53,NA,NA,NA
03/02/2019_20:22:54,NA,NA,NA
03/02/2019_20:22:55,NA,NA,NA
03/02/2019_20:22:56,NA,NA,NA
03/02/2019_20:22:57,NA,NA,NA
03/02/2019_20:22:58,NA,NA,NA
03/02/2019_20:22:59,NA,NA,NA
03/02/2019_20:23:00,NA,NA,NA
03/02/2019_20:23:01,NA,NA,NA
03/02/2019_20:23:02,NA,NA,NA
03/02/2019_20:23:03,NA,NA,NA
03/02/2019_20:23:04,NA,NA,NA
03/02/2019_20:23:05,NA,NA,NA
03/02/2019_20:23:06,NA,NA,NA
03/02/2019_20:23:07,NA,NA,NA
03/02/2019_20:23:08,NA,NA,NA
03/02/2019_20:23:09,NA,NA,NA
03/02/2019_20:23:10,NA,NA,NA
03/02/2019_20:23:11,NA,NA,NA
03/02/2019_20:23:12,NA,NA,NA
03/02/2019_20:23:13,NA,NA,NA
03/02/2019_20:23:14,NA,NA,NA
03/02/2019_20:23:15,NA,NA,NA
03/02/2019_20:23:16,NA,NA,NA
03/02/2019_20:23:17,NA,NA,NA
03/02/2019_20:23:18,NA,NA,NA
03/02/2019_20:23:19,NA,NA,NA
03/02/2019_20:23:20,NA,NA,NA
03/02/2019_20:23:21,NA,NA,NA
03/02/2019_20:23:22,NA,NA,NA
03/02/2019_20:23:23,NA,NA,NA
03/02/2019_20:23:24,NA,NA,NA
03/02/2019_20:23:25,NA,NA,NA
03/02/2019_20:23:26,NA,NA,NA
03/02/2019_20:23:27,NA,NA,NA
03/02/2019_20:23:28,NA,NA,NA
03/02/2019_20:23:29,NA,NA,NA
03/02/2019_20:23:30,NA,NA,NA
03/02/2019_20:23:31,NA,NA,NA
03/02/2019_20:23:32,NA,NA,NA
03/02/2019_20:23:33,NA,NA,NA
03/02/2019_20:23:34,NA,NA,NA
03/02/2019_20:23:35,NA,NA,NA
03/02/2019_20:23:36,NA,NA,NA
03/02/2019_20:23:37,NA,NA,NA
03/02/2019_20:23:38,NA,NA,NA
03/02/2019_20:23:39,NA,NA,NA
03/02/2019_20:23:40,NA,NA,NA
03/02/2019_20:23:41,NA,NA,NA
03/02/2019_20:23:42,NA,NA,NA
03/02/2019_20:23:43,NA,NA,NA
03/02/2019_20:23:44,NA,NA,NA
03/02/2019_20:23:45,NA,NA,NA
03/02/2019_20:23:46,NA,NA,NA
03/02/2019_20:23:47,NA,NA,NA
03/02/2019_20:23:48,NA,NA,NA
03/02/2019_20:23:49,NA,NA,NA
03/02/2019_20:23:50,NA,NA,NA
03/02/2019_20:23:51,NA,NA,NA
03/02/2019_20:23:52,NA,NA,NA
03/02/2019_20:23:53,NA,NA,NA
03/02/2019_20:23:54,NA,NA,NA
03/02/2019_20:23:55,NA,NA,NA
03/02/2019_20:23:57,NA,NA,NA
03/02/2019_20:23:58,NA,NA,NA
03/02/2019_20:23:59,NA,NA,NA
03/02/2019_20:24:00,NA,NA,NA
03/02/2019_20:24:01,NA,NA,NA
03/02/2019_20:24:02,NA,NA,NA
03/02/2019_20:24:03,NA,NA,NA
03/02/2019_20:24:04,NA,NA,NA
03/02/2019_20:24:05,NA,NA,NA
03/02/2019_20:24:06,NA,NA,NA
03/02/2019_20:24:07,NA,NA,NA
03/02/2019_20:24:08,NA,NA,NA
03/02/2019_20:24:09,NA,NA,NA
03/02/2019_20:24:10,NA,NA,NA
03/02/2019_20:24:11,NA,NA,NA
03/02/2019_20:24:12,NA,NA,NA
03/02/2019_20:24:13,NA,NA,NA
03/02/2019_20:24:14,NA,NA,NA
03/02/2019_20:24:15,NA,NA,NA
03/02/2019_20:24:16,NA,NA,NA
03/02/2019_20:24:17,NA,NA,NA
03/02/2019_20:24:18,NA,NA,NA
03/02/2019_20:24:19,NA,NA,NA
03/02/2019_20:24:20,NA,NA,NA
03/02/2019_20:24:21,NA,NA,NA
03/02/2019_20:24:22,NA,NA,NA
03/02/2019_20:24:23,NA,NA,NA
03/02/2019_20:24:24,NA,NA,NA
03/02/2019_20:24:25,NA,NA,NA
03/02/2019_20:24:26,NA,NA,NA
03/02/2019_20:24:27,NA,NA,NA
03/02/2019_20:24:28,NA,NA,NA
03/02/2019_20:24:29,NA,NA,NA
03/02/2019_20:24:30,NA,NA,NA
03/02/2019_20:24:31,NA,NA,NA
03/02/2019_20:24:32,NA,NA,NA
03/02/2019_20:24:33,NA,NA,NA
03/02/2019_20:24:34,NA,NA,NA
03/02/2019_20:24:35,NA,NA,NA
03/02/2019_20:24:36,NA,NA,NA
03/02/2019_20:24:37,NA,NA,NA
03/02/2019_20:24:38,NA,NA,NA
03/02/2019_20:24:39,NA,NA,NA
03/02/2019_20:24:40,NA,NA,NA
03/02/2019_20:24:41,NA,NA,NA
03/02/2019_20:24:42,NA,NA,NA
03/02/2019_20:24:43,NA,NA,NA
03/02/2019_20:24:44,NA,NA,NA
03/02/2019_20:24:45,NA,NA,NA
03/02/2019_20:24:46,NA,NA,NA
03/02/2019_20:24:47,NA,NA,NA
03/02/2019_20:24:48,NA,NA,NA
03/02/2019_20:24:49,NA,NA,NA
03/02/2019_20:24:50,NA,NA,NA
03/02/2019_20:24:51,NA,NA,NA
03/02/2019_20:24:52,NA,NA,NA
03/02/2019_20:24:53,NA,NA,NA
03/02/2019_20:24:54,NA,NA,NA
03/02/2019_20:24:55,NA,NA,NA
03/02/2019_20:24:56,NA,NA,NA
03/02/2019_20:24:57,NA,NA,NA
03/02/2019_20:24:58,NA,NA,NA
03/02/2019_20:24:59,NA,NA,NA
03/02/2019_20:25:00,NA,NA,NA
03/02/2019_20:25:01,NA,NA,NA
03/02/2019_20:25:02,NA,NA,NA
03/02/2019_20:25:03,NA,NA,NA
03/02/2019_20:25:04,NA,NA,NA
03/02/2019_20:25:05,NA,NA,NA
03/02/2019_20:25:06,NA,NA,NA
03/02/2019_20:25:07,NA,NA,NA
03/02/2019_20:25:08,NA,NA,NA
03/02/2019_20:25:09,NA,NA,NA
03/02/2019_20:25:10,NA,NA,NA
03/02/2019_20:25:11,NA,NA,NA
03/02/2019_20:25:12,NA,NA,NA
03/02/2019_20:25:13,NA,NA,NA
03/02/2019_20:25:14,NA,NA,NA
03/02/2019_20:25:15,NA,NA,NA
03/02/2019_20:25:16,NA,NA,NA
03/02/2019_20:25:17,NA,NA,NA
03/02/2019_20:25:18,NA,NA,NA
03/02/2019_20:25:19,NA,NA,NA
03/02/2019_20:25:20,NA,NA,NA
03/02/2019_20:25:21,NA,NA,NA
03/02/2019_20:25:22,NA,NA,NA
03/02/2019_20:25:23,NA,NA,NA
03/02/2019_20:25:24,NA,NA,NA
03/02/2019_20:25:25,NA,NA,NA
03/02/2019_20:25:26,NA,NA,NA
03/02/2019_20:25:27,NA,NA,NA
03/02/2019_20:25:28,NA,NA,NA
03/02/2019_20:25:29,NA,NA,NA
03/02/2019_20:25:30,NA,NA,NA
03/02/2019_20:25:31,NA,NA,NA
03/02/2019_20:25:32,NA,NA,NA
03/02/2019_20:25:33,NA,NA,NA
03/02/2019_20:25:34,NA,NA,NA
03/02/2019_20:25:35,NA,NA,NA
03/02/2019_20:25:36,NA,NA,NA
03/02/2019_20:25:37,NA,NA,NA
03/02/2019_20:25:38,NA,NA,NA
03/02/2019_20:25:39,NA,NA,NA
03/02/2019_20:25:40,NA,NA,NA
03/02/2019_20:25:41,NA,NA,NA
03/02/2019_20:25:42,NA,NA,NA
03/02/2019_20:25:43,NA,NA,NA
03/02/2019_20:25:44,NA,NA,NA
03/02/2019_20:25:45,NA,NA,NA
03/02/2019_20:25:46,NA,NA,NA
03/02/2019_20:25:47,NA,NA,NA
03/02/2019_20:25:48,NA,NA,NA
03/02/2019_20:25:49,NA,NA,NA
03/02/2019_20:25:50,NA,NA,NA
03/02/2019_20:25:51,NA,NA,NA
03/02/2019_20:25:52,NA,NA,NA
03/02/2019_20:25:53,NA,NA,NA
03/02/2019_20:25:54,NA,NA,NA
03/02/2019_20:25:55,NA,NA,NA
03/02/2019_20:25:56,NA,NA,NA
03/02/2019_20:25:57,NA,NA,NA
03/02/2019_20:25:58,NA,NA,NA
03/02/2019_20:25:59,NA,NA,NA
03/02/2019_20:26:00,NA,NA,NA
03/02/2019_20:26:01,NA,NA,NA
03/02/2019_20:26:02,NA,NA,NA
03/02/2019_20:26:03,NA,NA,NA
03/02/2019_20:26:04,NA,NA,NA
03/02/2019_20:26:05,NA,NA,NA
03/02/2019_20:26:06,NA,NA,NA
03/02/2019_20:26:07,NA,NA,NA
03/02/2019_20:26:08,NA,NA,NA
03/02/2019_20:26:09,NA,NA,NA
03/02/2019_20:26:10,NA,NA,NA
03/02/2019_20:26:11,NA,NA,NA
03/02/2019_20:26:12,NA,NA,NA
03/02/2019_20:26:13,NA,NA,NA
03/02/2019_20:26:14,NA,NA,NA
03/02/2019_20:26:15,NA,NA,NA
03/02/2019_20:26:16,NA,NA,NA
03/02/2019_20:26:17,NA,NA,NA
03/02/2019_20:26:18,NA,NA,NA
03/02/2019_20:26:19,NA,NA,NA
03/02/2019_20:26:20,NA,NA,NA
03/02/2019_20:26:21,NA,NA,NA
03/02/2019_20:26:22,NA,NA,NA
03/02/2019_20:26:23,NA,NA,NA
03/02/2019_20:26:24,NA,NA,NA
03/02/2019_20:26:25,NA,NA,NA
03/02/2019_20:26:26,NA,NA,NA
03/02/2019_20:26:27,NA,NA,NA
03/02/2019_20:26:28,NA,NA,NA
03/02/2019_20:26:29,NA,NA,NA
03/02/2019_20:26:30,NA,NA,NA
03/02/2019_20:26:31,NA,NA,NA
03/02/2019_20:26:32,NA,NA,NA
03/02/2019_20:26:33,NA,NA,NA
03/02/2019_20:26:34,NA,NA,NA
03/02/2019_20:26:35,NA,NA,NA
03/02/2019_20:26:36,NA,NA,NA
03/02/2019_20:26:37,NA,NA,NA
03/02/2019_20:26:38,NA,NA,NA
03/02/2019_20:26:39,NA,NA,NA
03/02/2019_20:26:40,NA,NA,NA
03/02/2019_20:26:41,NA,NA,NA
03/02/2019_20:26:42,NA,NA,NA
03/02/2019_20:26:44,NA,NA,NA
03/02/2019_20:26:45,NA,NA,NA
03/02/2019_20:26:46,NA,NA,NA
03/02/2019_20:26:47,NA,NA,NA
03/02/2019_20:26:48,NA,NA,NA
03/02/2019_20:26:49,NA,NA,NA
03/02/2019_20:26:50,NA,NA,NA
03/02/2019_20:26:51,NA,NA,NA
03/02/2019_20:26:52,NA,NA,NA
03/02/2019_20:26:53,NA,NA,NA
03/02/2019_20:26:54,NA,NA,NA
03/02/2019_20:26:55,NA,NA,NA
03/02/2019_20:26:56,NA,NA,NA
03/02/2019_20:26:57,NA,NA,NA
03/02/2019_20:26:58,NA,NA,NA
03/02/2019_20:26:59,NA,NA,NA
03/02/2019_20:27:00,NA,NA,NA
03/02/2019_20:27:01,NA,NA,NA
03/02/2019_20:27:02,NA,NA,NA
03/02/2019_20:27:03,NA,NA,NA
03/02/2019_20:27:04,NA,NA,NA
03/02/2019_20:27:05,NA,NA,NA
03/02/2019_20:27:06,NA,NA,NA
03/02/2019_20:27:07,NA,NA,NA
03/02/2019_20:27:08,NA,NA,NA
03/02/2019_20:27:09,NA,NA,NA
03/02/2019_20:27:10,NA,NA,NA
03/02/2019_20:27:11,NA,NA,NA
03/02/2019_20:27:12,NA,NA,NA
03/02/2019_20:27:13,NA,NA,NA
03/02/2019_20:27:14,NA,NA,NA
03/02/2019_20:27:15,NA,NA,NA
03/02/2019_20:27:16,NA,NA,NA
03/02/2019_20:27:17,NA,NA,NA
03/02/2019_20:27:18,NA,NA,NA
03/02/2019_20:27:19,NA,NA,NA
03/02/2019_20:27:20,NA,NA,NA
03/02/2019_20:27:21,NA,NA,NA
03/02/2019_20:27:22,NA,NA,NA
03/02/2019_20:27:23,NA,NA,NA
03/02/2019_20:27:24,NA,NA,NA
03/02/2019_20:27:25,NA,NA,NA
03/02/2019_20:27:26,NA,NA,NA
03/02/2019_20:27:27,NA,NA,NA
03/02/2019_20:27:28,NA,NA,NA
03/02/2019_20:27:29,NA,NA,NA
03/02/2019_20:27:30,NA,NA,NA
03/02/2019_20:27:31,NA,NA,NA
03/02/2019_20:27:32,NA,NA,NA
03/02/2019_20:27:33,NA,NA,NA
03/02/2019_20:27:34,NA,NA,NA
03/02/2019_20:27:35,NA,NA,NA
03/02/2019_20:27:36,NA,NA,NA
03/02/2019_20:27:37,NA,NA,NA
03/02/2019_20:27:38,NA,NA,NA
03/02/2019_20:27:39,NA,NA,NA
03/02/2019_20:27:40,NA,NA,NA
03/02/2019_20:27:41,NA,NA,NA
03/02/2019_20:27:42,NA,NA,NA
03/02/2019_20:27:43,NA,NA,NA
03/02/2019_20:27:44,NA,NA,NA
03/02/2019_20:27:45,NA,NA,NA
03/02/2019_20:27:46,NA,NA,NA
03/02/2019_20:27:47,NA,NA,NA
03/02/2019_20:27:48,NA,NA,NA
03/02/2019_20:27:49,NA,NA,NA
03/02/2019_20:27:50,NA,NA,NA
03/02/2019_20:27:51,NA,NA,NA
03/02/2019_20:27:52,NA,NA,NA
03/02/2019_20:27:53,NA,NA,NA
03/02/2019_20:27:54,NA,NA,NA
03/02/2019_20:27:55,NA,NA,NA
03/02/2019_20:27:56,NA,NA,NA
03/02/2019_20:27:57,NA,NA,NA
03/02/2019_20:27:58,NA,NA,NA
03/02/2019_20:27:59,NA,NA,NA
03/02/2019_20:28:00,NA,NA,NA
03/02/2019_20:28:01,NA,NA,NA
03/02/2019_20:28:02,NA,NA,NA
03/02/2019_20:28:03,NA,NA,NA
03/02/2019_20:28:04,NA,NA,NA
03/02/2019_20:28:05,NA,NA,NA
03/02/2019_20:28:06,NA,NA,NA
03/02/2019_20:28:07,NA,NA,NA
03/02/2019_20:28:08,NA,NA,NA
03/02/2019_20:28:09,NA,NA,NA
03/02/2019_20:28:10,NA,NA,NA
03/02/2019_20:28:11,NA,NA,NA
03/02/2019_20:28:12,NA,NA,NA
03/02/2019_20:28:13,NA,NA,NA
03/02/2019_20:28:14,NA,NA,NA
03/02/2019_20:28:15,NA,NA,NA
03/02/2019_20:28:16,NA,NA,NA
03/02/2019_20:28:17,NA,NA,NA
03/02/2019_20:28:18,NA,NA,NA
03/02/2019_20:28:19,NA,NA,NA
03/02/2019_20:28:20,NA,NA,NA
03/02/2019_20:28:21,NA,NA,NA
03/02/2019_20:28:22,NA,NA,NA
03/02/2019_20:28:23,NA,NA,NA
03/02/2019_20:28:24,NA,NA,NA
03/02/2019_20:28:25,NA,NA,NA
03/02/2019_20:28:26,NA,NA,NA
03/02/2019_20:28:27,NA,NA,NA
03/02/2019_20:28:28,NA,NA,NA
03/02/2019_20:28:29,NA,NA,NA
03/02/2019_20:28:30,NA,NA,NA
03/02/2019_20:28:31,NA,NA,NA
03/02/2019_20:28:32,NA,NA,NA
03/02/2019_20:28:33,NA,NA,NA
03/02/2019_20:28:34,NA,NA,NA
03/02/2019_20:28:35,NA,NA,NA
03/02/2019_20:28:36,NA,NA,NA
03/02/2019_20:28:37,NA,NA,NA
03/02/2019_20:28:38,NA,NA,NA
03/02/2019_20:28:39,NA,NA,NA
03/02/2019_20:28:40,NA,NA,NA
03/02/2019_20:28:41,NA,NA,NA
03/02/2019_20:28:42,NA,NA,NA
03/02/2019_20:28:43,NA,NA,NA
03/02/2019_20:28:44,NA,NA,NA
03/02/2019_20:28:45,NA,NA,NA
03/02/2019_20:28:46,NA,NA,NA
03/02/2019_20:28:47,NA,NA,NA
03/02/2019_20:28:48,NA,NA,NA
03/02/2019_20:28:49,NA,NA,NA
03/02/2019_20:28:50,NA,NA,NA
03/02/2019_20:28:51,NA,NA,NA
03/02/2019_20:28:52,NA,NA,NA
03/02/2019_20:28:53,NA,NA,NA
03/02/2019_20:28:54,NA,NA,NA
03/02/2019_20:28:55,NA,NA,NA
03/02/2019_20:28:56,NA,NA,NA
03/02/2019_20:28:57,NA,NA,NA
03/02/2019_20:28:58,NA,NA,NA
03/02/2019_20:28:59,NA,NA,NA
03/02/2019_20:29:00,NA,NA,NA
03/02/2019_20:29:01,NA,NA,NA
03/02/2019_20:29:02,NA,NA,NA
03/02/2019_20:29:03,NA,NA,NA
03/02/2019_20:29:04,NA,NA,NA
03/02/2019_20:29:05,NA,NA,NA
03/02/2019_20:29:06,NA,NA,NA
03/02/2019_20:29:07,NA,NA,NA
03/02/2019_20:29:08,NA,NA,NA
03/02/2019_20:29:09,NA,NA,NA
03/02/2019_20:29:10,NA,NA,NA
03/02/2019_20:29:11,NA,NA,NA
03/02/2019_20:29:12,NA,NA,NA
03/02/2019_20:29:13,NA,NA,NA
03/02/2019_20:29:14,NA,NA,NA
03/02/2019_20:29:15,NA,NA,NA
03/02/2019_20:29:16,NA,NA,NA
03/02/2019_20:29:17,NA,NA,NA
03/02/2019_20:29:18,NA,NA,NA
03/02/2019_20:29:19,NA,NA,NA
03/02/2019_20:29:20,NA,NA,NA
03/02/2019_20:29:21,NA,NA,NA
03/02/2019_20:29:22,NA,NA,NA
03/02/2019_20:29:23,NA,NA,NA
03/02/2019_20:29:24,NA,NA,NA
03/02/2019_20:29:25,NA,NA,NA
03/02/2019_20:29:26,NA,NA,NA
03/02/2019_20:29:27,NA,NA,NA
03/02/2019_20:29:28,NA,NA,NA
03/02/2019_20:29:29,NA,NA,NA
03/02/2019_20:29:30,NA,NA,NA
03/02/2019_20:29:31,NA,NA,NA
03/02/2019_20:29:32,NA,NA,NA
03/02/2019_20:29:33,NA,NA,NA
03/02/2019_20:29:34,NA,NA,NA
03/02/2019_20:29:36,NA,NA,NA
03/02/2019_20:29:37,NA,NA,NA
03/02/2019_20:29:38,NA,NA,NA
03/02/2019_20:29:39,NA,NA,NA
03/02/2019_20:29:40,NA,NA,NA
03/02/2019_20:29:41,NA,NA,NA
03/02/2019_20:29:42,NA,NA,NA
03/02/2019_20:29:43,NA,NA,NA
03/02/2019_20:29:44,NA,NA,NA
03/02/2019_20:29:45,NA,NA,NA
03/02/2019_20:29:46,NA,NA,NA
03/02/2019_20:29:47,NA,NA,NA
03/02/2019_20:29:48,NA,NA,NA
03/02/2019_20:29:49,NA,NA,NA
03/02/2019_20:29:50,NA,NA,NA
03/02/2019_20:29:51,NA,NA,NA
03/02/2019_20:29:52,NA,NA,NA
03/02/2019_20:29:53,NA,NA,NA
03/02/2019_20:29:54,NA,NA,NA
03/02/2019_20:29:55,NA,NA,NA
03/02/2019_20:29:56,NA,NA,NA
03/02/2019_20:29:57,NA,NA,NA
03/02/2019_20:29:58,NA,NA,NA
03/02/2019_20:29:59,NA,NA,NA
03/02/2019_20:30:00,NA,NA,NA
03/02/2019_20:30:01,NA,NA,NA
03/02/2019_20:30:02,NA,NA,NA
03/02/2019_20:30:03,NA,NA,NA
03/02/2019_20:30:04,NA,NA,NA
03/02/2019_20:30:05,NA,NA,NA
03/02/2019_20:30:06,NA,NA,NA
03/02/2019_20:30:07,NA,NA,NA
03/02/2019_20:30:08,NA,NA,NA
03/02/2019_20:30:09,NA,NA,NA
03/02/2019_20:30:10,NA,NA,NA
03/02/2019_20:30:11,NA,NA,NA
03/02/2019_20:30:12,NA,NA,NA
03/02/2019_20:30:13,NA,NA,NA
03/02/2019_20:30:14,NA,NA,NA
03/02/2019_20:30:15,NA,NA,NA
03/02/2019_20:30:16,NA,NA,NA
03/02/2019_20:30:17,NA,NA,NA
03/02/2019_20:30:18,NA,NA,NA
03/02/2019_20:30:19,NA,NA,NA
03/02/2019_20:30:20,NA,NA,NA
03/02/2019_20:30:21,NA,NA,NA
03/02/2019_20:30:22,NA,NA,NA
03/02/2019_20:30:23,NA,NA,NA
03/02/2019_20:30:24,NA,NA,NA
03/02/2019_20:30:25,NA,NA,NA
03/02/2019_20:30:26,NA,NA,NA
03/02/2019_20:30:27,NA,NA,NA
03/02/2019_20:30:28,NA,NA,NA
03/02/2019_20:30:29,NA,NA,NA
03/02/2019_20:30:30,NA,NA,NA
03/02/2019_20:30:31,NA,NA,NA
03/02/2019_20:30:32,NA,NA,NA
03/02/2019_20:30:33,NA,NA,NA
03/02/2019_20:30:34,NA,NA,NA
03/02/2019_20:30:35,NA,NA,NA
03/02/2019_20:30:36,NA,NA,NA
03/02/2019_20:30:37,NA,NA,NA
03/02/2019_20:30:38,NA,NA,NA
03/02/2019_20:30:39,NA,NA,NA
03/02/2019_20:30:40,NA,NA,NA
03/02/2019_20:30:41,NA,NA,NA
03/02/2019_20:30:42,NA,NA,NA
03/02/2019_20:30:43,NA,NA,NA
03/02/2019_20:30:44,NA,NA,NA
03/02/2019_20:30:45,NA,NA,NA
03/02/2019_20:30:46,NA,NA,NA
03/02/2019_20:30:47,NA,NA,NA
03/02/2019_20:30:48,NA,NA,NA
03/02/2019_20:30:49,NA,NA,NA
03/02/2019_20:30:50,NA,NA,NA
03/02/2019_20:30:51,NA,NA,NA
03/02/2019_20:30:52,NA,NA,NA
03/02/2019_20:30:53,NA,NA,NA
03/02/2019_20:30:54,NA,NA,NA
03/02/2019_20:30:55,NA,NA,NA
03/02/2019_20:30:56,NA,NA,NA
03/02/2019_20:30:57,NA,NA,NA
03/02/2019_20:30:58,NA,NA,NA
03/02/2019_20:30:59,NA,NA,NA
03/02/2019_20:31:00,NA,NA,NA
03/02/2019_20:31:01,NA,NA,NA
03/02/2019_20:31:02,NA,NA,NA
03/02/2019_20:31:03,NA,NA,NA
03/02/2019_20:31:04,NA,NA,NA
03/02/2019_20:31:05,NA,NA,NA
03/02/2019_20:31:06,NA,NA,NA
03/02/2019_20:31:07,NA,NA,NA
03/02/2019_20:31:08,NA,NA,NA
03/02/2019_20:31:09,NA,NA,NA
03/02/2019_20:31:10,NA,NA,NA
03/02/2019_20:31:11,NA,NA,NA
03/02/2019_20:31:12,NA,NA,NA
03/02/2019_20:31:13,NA,NA,NA
03/02/2019_20:31:14,NA,NA,NA
03/02/2019_20:31:15,NA,NA,NA
03/02/2019_20:31:16,NA,NA,NA
03/02/2019_20:31:17,NA,NA,NA
03/02/2019_20:31:18,NA,NA,NA
03/02/2019_20:31:19,NA,NA,NA
03/02/2019_20:31:20,NA,NA,NA
03/02/2019_20:31:21,NA,NA,NA
03/02/2019_20:31:22,NA,NA,NA
03/02/2019_20:31:23,NA,NA,NA
03/02/2019_20:31:24,NA,NA,NA
03/02/2019_20:31:25,NA,NA,NA
03/02/2019_20:31:26,NA,NA,NA
03/02/2019_20:31:27,NA,NA,NA
03/02/2019_20:31:28,NA,NA,NA
03/02/2019_20:31:29,NA,NA,NA
03/02/2019_20:31:30,NA,NA,NA
03/02/2019_20:31:31,NA,NA,NA
03/02/2019_20:31:32,NA,NA,NA
03/02/2019_20:31:33,NA,NA,NA
03/02/2019_20:31:34,NA,NA,NA
03/02/2019_20:31:35,NA,NA,NA
03/02/2019_20:31:36,NA,NA,NA
03/02/2019_20:31:37,NA,NA,NA
03/02/2019_20:31:38,NA,NA,NA
03/02/2019_20:31:39,NA,NA,NA
03/02/2019_20:31:40,NA,NA,NA
03/02/2019_20:31:41,NA,NA,NA
03/02/2019_20:31:42,NA,NA,NA
03/02/2019_20:31:43,NA,NA,NA
03/02/2019_20:31:44,NA,NA,NA
03/02/2019_20:31:45,NA,NA,NA
03/02/2019_20:31:46,NA,NA,NA
03/02/2019_20:31:47,NA,NA,NA
03/02/2019_20:31:48,NA,NA,NA
03/02/2019_20:31:49,NA,NA,NA
03/02/2019_20:31:50,NA,NA,NA
03/02/2019_20:31:51,NA,NA,NA
03/02/2019_20:31:52,NA,NA,NA
03/02/2019_20:31:53,NA,NA,NA
03/02/2019_20:31:54,NA,NA,NA
03/02/2019_20:31:55,NA,NA,NA
03/02/2019_20:31:56,NA,NA,NA
03/02/2019_20:31:57,NA,NA,NA
03/02/2019_20:31:58,NA,NA,NA
03/02/2019_20:31:59,NA,NA,NA
03/02/2019_20:32:00,NA,NA,NA
03/02/2019_20:32:01,NA,NA,NA
03/02/2019_20:32:02,NA,NA,NA
03/02/2019_20:32:03,NA,NA,NA
03/02/2019_20:32:04,NA,NA,NA
03/02/2019_20:32:05,NA,NA,NA
03/02/2019_20:32:06,NA,NA,NA
03/02/2019_20:32:07,NA,NA,NA
03/02/2019_20:32:08,NA,NA,NA
03/02/2019_20:32:09,NA,NA,NA
03/02/2019_20:32:10,NA,NA,NA
03/02/2019_20:32:11,NA,NA,NA
03/02/2019_20:32:12,NA,NA,NA
03/02/2019_20:32:13,NA,NA,NA
03/02/2019_20:32:14,NA,NA,NA
03/02/2019_20:32:15,NA,NA,NA
03/02/2019_20:32:16,NA,NA,NA
03/02/2019_20:32:17,NA,NA,NA
03/02/2019_20:32:18,NA,NA,NA
03/02/2019_20:32:19,NA,NA,NA
03/02/2019_20:32:20,NA,NA,NA
03/02/2019_20:32:21,NA,NA,NA
03/02/2019_20:32:22,NA,NA,NA
03/02/2019_20:32:23,NA,NA,NA
03/02/2019_20:32:24,NA,NA,NA
03/02/2019_20:32:25,NA,NA,NA
03/02/2019_20:32:26,NA,NA,NA
03/02/2019_20:32:27,NA,NA,NA
03/02/2019_20:32:29,NA,NA,NA
03/02/2019_20:32:30,NA,NA,NA
03/02/2019_20:32:31,NA,NA,NA
03/02/2019_20:32:32,NA,NA,NA
03/02/2019_20:32:33,NA,NA,NA
03/02/2019_20:32:34,NA,NA,NA
03/02/2019_20:32:35,NA,NA,NA
03/02/2019_20:32:36,NA,NA,NA
03/02/2019_20:32:37,NA,NA,NA
03/02/2019_20:32:38,NA,NA,NA
03/02/2019_20:32:39,NA,NA,NA
03/02/2019_20:32:40,NA,NA,NA
03/02/2019_20:32:41,NA,NA,NA
03/02/2019_20:32:42,NA,NA,NA
03/02/2019_20:32:43,NA,NA,NA
03/02/2019_20:32:44,NA,NA,NA
03/02/2019_20:32:45,NA,NA,NA
03/02/2019_20:32:46,NA,NA,NA
03/02/2019_20:32:47,NA,NA,NA
03/02/2019_20:32:48,NA,NA,NA
03/02/2019_20:32:49,NA,NA,NA
03/02/2019_20:32:50,NA,NA,NA
03/02/2019_20:32:51,NA,NA,NA
03/02/2019_20:32:52,NA,NA,NA
03/02/2019_20:32:53,NA,NA,NA
03/02/2019_20:32:54,NA,NA,NA
03/02/2019_20:32:55,NA,NA,NA
03/02/2019_20:32:56,NA,NA,NA
03/02/2019_20:32:57,NA,NA,NA
03/02/2019_20:32:58,NA,NA,NA
03/02/2019_20:32:59,NA,NA,NA
03/02/2019_20:33:00,NA,NA,NA
03/02/2019_20:33:01,NA,NA,NA
03/02/2019_20:33:02,NA,NA,NA
03/02/2019_20:33:03,NA,NA,NA
03/02/2019_20:33:04,NA,NA,NA
03/02/2019_20:33:05,NA,NA,NA
03/02/2019_20:33:06,NA,NA,NA
03/02/2019_20:33:07,NA,NA,NA
03/02/2019_20:33:08,NA,NA,NA
03/02/2019_20:33:09,NA,NA,NA
03/02/2019_20:33:10,NA,NA,NA
03/02/2019_20:33:11,NA,NA,NA
03/02/2019_20:33:12,NA,NA,NA
03/02/2019_20:33:13,NA,NA,NA
03/02/2019_20:33:14,NA,NA,NA
03/02/2019_20:33:15,NA,NA,NA
03/02/2019_20:33:16,NA,NA,NA
03/02/2019_20:33:17,NA,NA,NA
03/02/2019_20:33:18,NA,NA,NA
03/02/2019_20:33:19,NA,NA,NA
03/02/2019_20:33:20,NA,NA,NA
03/02/2019_20:33:21,NA,NA,NA
03/02/2019_20:33:22,NA,NA,NA
03/02/2019_20:33:23,NA,NA,NA
03/02/2019_20:33:24,NA,NA,NA
03/02/2019_20:33:25,NA,NA,NA
03/02/2019_20:33:26,NA,NA,NA
03/02/2019_20:33:27,NA,NA,NA
03/02/2019_20:33:28,NA,NA,NA
03/02/2019_20:33:29,NA,NA,NA
03/02/2019_20:33:30,NA,NA,NA
03/02/2019_20:33:31,NA,NA,NA
03/02/2019_20:33:32,NA,NA,NA
03/02/2019_20:33:33,NA,NA,NA
03/02/2019_20:33:34,NA,NA,NA
03/02/2019_20:33:35,NA,NA,NA
03/02/2019_20:33:36,NA,NA,NA
03/02/2019_20:33:37,NA,NA,NA
03/02/2019_20:33:38,NA,NA,NA
03/02/2019_20:33:39,NA,NA,NA
03/02/2019_20:33:40,NA,NA,NA
03/02/2019_20:33:41,NA,NA,NA
03/02/2019_20:33:42,NA,NA,NA
03/02/2019_20:33:43,NA,NA,NA
03/02/2019_20:33:44,NA,NA,NA
03/02/2019_20:33:45,NA,NA,NA
03/02/2019_20:33:46,NA,NA,NA
03/02/2019_20:33:47,NA,NA,NA
03/02/2019_20:33:48,NA,NA,NA
03/02/2019_20:33:49,NA,NA,NA
03/02/2019_20:33:50,NA,NA,NA
03/02/2019_20:33:51,NA,NA,NA
03/02/2019_20:33:52,NA,NA,NA
03/02/2019_20:33:53,NA,NA,NA
03/02/2019_20:33:54,NA,NA,NA
03/02/2019_20:33:55,NA,NA,NA
03/02/2019_20:33:56,NA,NA,NA
03/02/2019_20:33:57,NA,NA,NA
03/02/2019_20:33:58,NA,NA,NA
03/02/2019_20:33:59,NA,NA,NA
03/02/2019_20:34:00,NA,NA,NA
03/02/2019_20:34:01,NA,NA,NA
03/02/2019_20:34:02,NA,NA,NA
03/02/2019_20:34:03,NA,NA,NA
03/02/2019_20:34:04,NA,NA,NA
03/02/2019_20:34:05,NA,NA,NA
03/02/2019_20:34:06,NA,NA,NA
03/02/2019_20:34:07,NA,NA,NA
03/02/2019_20:34:08,NA,NA,NA
03/02/2019_20:34:09,NA,NA,NA
03/02/2019_20:34:10,NA,NA,NA
03/02/2019_20:34:11,NA,NA,NA
03/02/2019_20:34:12,NA,NA,NA
03/02/2019_20:34:13,NA,NA,NA
03/02/2019_20:34:14,NA,NA,NA
03/02/2019_20:34:15,NA,NA,NA
03/02/2019_20:34:16,NA,NA,NA
03/02/2019_20:34:17,NA,NA,NA
03/02/2019_20:34:18,NA,NA,NA
03/02/2019_20:34:19,NA,NA,NA
03/02/2019_20:34:20,NA,NA,NA
03/02/2019_20:34:21,NA,NA,NA
03/02/2019_20:34:22,NA,NA,NA
03/02/2019_20:34:23,NA,NA,NA
03/02/2019_20:34:24,NA,NA,NA
03/02/2019_20:34:25,NA,NA,NA
03/02/2019_20:34:26,NA,NA,NA
03/02/2019_20:34:27,NA,NA,NA
03/02/2019_20:34:28,NA,NA,NA
03/02/2019_20:34:29,NA,NA,NA
03/02/2019_20:34:30,NA,NA,NA
03/02/2019_20:34:31,NA,NA,NA
03/02/2019_20:34:32,NA,NA,NA
03/02/2019_20:34:33,NA,NA,NA
03/02/2019_20:34:34,NA,NA,NA
03/02/2019_20:34:35,NA,NA,NA
03/02/2019_20:34:36,NA,NA,NA
03/02/2019_20:34:37,NA,NA,NA
03/02/2019_20:34:38,NA,NA,NA
03/02/2019_20:34:39,NA,NA,NA
03/02/2019_20:34:40,NA,NA,NA
03/02/2019_20:34:41,NA,NA,NA
03/02/2019_20:34:42,NA,NA,NA
03/02/2019_20:34:43,NA,NA,NA
03/02/2019_20:34:44,NA,NA,NA
03/02/2019_20:34:45,NA,NA,NA
03/02/2019_20:34:46,NA,NA,NA
03/02/2019_20:34:47,NA,NA,NA
03/02/2019_20:34:48,NA,NA,NA
03/02/2019_20:34:49,NA,NA,NA
03/02/2019_20:34:50,NA,NA,NA
03/02/2019_20:34:51,NA,NA,NA
03/02/2019_20:34:52,NA,NA,NA
03/02/2019_20:34:53,NA,NA,NA
03/02/2019_20:34:54,NA,NA,NA
03/02/2019_20:34:55,NA,NA,NA
03/02/2019_20:34:56,NA,NA,NA
03/02/2019_20:34:57,NA,NA,NA
03/02/2019_20:34:58,NA,NA,NA
03/02/2019_20:34:59,NA,NA,NA
03/02/2019_20:35:00,NA,NA,NA
03/02/2019_20:35:01,NA,NA,NA
03/02/2019_20:35:02,NA,NA,NA
03/02/2019_20:35:03,NA,NA,NA
03/02/2019_20:35:04,NA,NA,NA
03/02/2019_20:35:05,NA,NA,NA
03/02/2019_20:35:06,NA,NA,NA
03/02/2019_20:35:07,NA,NA,NA
03/02/2019_20:35:08,NA,NA,NA
03/02/2019_20:35:09,NA,NA,NA
03/02/2019_20:35:10,NA,NA,NA
03/02/2019_20:35:11,NA,NA,NA
03/02/2019_20:35:12,NA,NA,NA
03/02/2019_20:35:13,NA,NA,NA
03/02/2019_20:35:14,NA,NA,NA
03/02/2019_20:35:15,NA,NA,NA
03/02/2019_20:35:16,NA,NA,NA
03/02/2019_20:35:17,NA,NA,NA
03/02/2019_20:35:18,NA,NA,NA
03/02/2019_20:35:19,NA,NA,NA
03/02/2019_20:35:20,NA,NA,NA
03/02/2019_20:35:21,NA,NA,NA
03/02/2019_20:35:22,NA,NA,NA
03/02/2019_20:35:24,NA,NA,NA
03/02/2019_20:35:25,NA,NA,NA
03/02/2019_20:35:26,NA,NA,NA
03/02/2019_20:35:27,NA,NA,NA
03/02/2019_20:35:28,NA,NA,NA
03/02/2019_20:35:29,NA,NA,NA
03/02/2019_20:35:30,NA,NA,NA
03/02/2019_20:35:31,NA,NA,NA
03/02/2019_20:35:32,NA,NA,NA
03/02/2019_20:35:33,NA,NA,NA
03/02/2019_20:35:34,NA,NA,NA
03/02/2019_20:35:35,NA,NA,NA
03/02/2019_20:35:36,NA,NA,NA
03/02/2019_20:35:37,NA,NA,NA
03/02/2019_20:35:38,NA,NA,NA
03/02/2019_20:35:39,NA,NA,NA
03/02/2019_20:35:40,NA,NA,NA
03/02/2019_20:35:41,NA,NA,NA
03/02/2019_20:35:42,NA,NA,NA
03/02/2019_20:35:43,NA,NA,NA
03/02/2019_20:35:44,NA,NA,NA
03/02/2019_20:35:45,NA,NA,NA
03/02/2019_20:35:46,NA,NA,NA
03/02/2019_20:35:47,NA,NA,NA
03/02/2019_20:35:48,NA,NA,NA
03/02/2019_20:35:49,NA,NA,NA
03/02/2019_20:35:50,NA,NA,NA
03/02/2019_20:35:51,NA,NA,NA
03/02/2019_20:35:52,NA,NA,NA
03/02/2019_20:35:53,NA,NA,NA
03/02/2019_20:35:54,NA,NA,NA
03/02/2019_20:35:55,NA,NA,NA
03/02/2019_20:35:56,NA,NA,NA
03/02/2019_20:35:57,NA,NA,NA
03/02/2019_20:35:58,NA,NA,NA
03/02/2019_20:35:59,NA,NA,NA
03/02/2019_20:36:00,NA,NA,NA
03/02/2019_20:36:01,NA,NA,NA
03/02/2019_20:36:02,NA,NA,NA
03/02/2019_20:36:03,NA,NA,NA
03/02/2019_20:36:04,NA,NA,NA
03/02/2019_20:36:05,NA,NA,NA
03/02/2019_20:36:06,NA,NA,NA
03/02/2019_20:36:07,NA,NA,NA
03/02/2019_20:36:08,NA,NA,NA
03/02/2019_20:36:09,NA,NA,NA
03/02/2019_20:36:10,NA,NA,NA
03/02/2019_20:36:11,NA,NA,NA
03/02/2019_20:36:12,NA,NA,NA
03/02/2019_20:36:13,NA,NA,NA
03/02/2019_20:36:14,NA,NA,NA
03/02/2019_20:36:15,NA,NA,NA
03/02/2019_20:36:16,NA,NA,NA
03/02/2019_20:36:17,NA,NA,NA
03/02/2019_20:36:18,NA,NA,NA
03/02/2019_20:36:19,NA,NA,NA
03/02/2019_20:36:20,NA,NA,NA
03/02/2019_20:36:21,NA,NA,NA
03/02/2019_20:36:22,NA,NA,NA
03/02/2019_20:36:23,NA,NA,NA
03/02/2019_20:36:24,NA,NA,NA
03/02/2019_20:36:25,NA,NA,NA
03/02/2019_20:36:26,NA,NA,NA
03/02/2019_20:36:27,NA,NA,NA
03/02/2019_20:36:28,NA,NA,NA
03/02/2019_20:36:29,NA,NA,NA
03/02/2019_20:36:30,NA,NA,NA
03/02/2019_20:36:31,NA,NA,NA
03/02/2019_20:36:32,NA,NA,NA
03/02/2019_20:36:33,NA,NA,NA
03/02/2019_20:36:34,NA,NA,NA
03/02/2019_20:36:35,NA,NA,NA
03/02/2019_20:36:36,NA,NA,NA
03/02/2019_20:36:37,NA,NA,NA
03/02/2019_20:36:38,NA,NA,NA
03/02/2019_20:36:39,NA,NA,NA
03/02/2019_20:36:40,NA,NA,NA
03/02/2019_20:36:41,NA,NA,NA
03/02/2019_20:36:42,NA,NA,NA
03/02/2019_20:36:43,NA,NA,NA
03/02/2019_20:36:44,NA,NA,NA
03/02/2019_20:36:45,NA,NA,NA
03/02/2019_20:36:46,NA,NA,NA
03/02/2019_20:36:47,NA,NA,NA
03/02/2019_20:36:48,NA,NA,NA
03/02/2019_20:36:49,NA,NA,NA
03/02/2019_20:36:50,NA,NA,NA
03/02/2019_20:36:51,NA,NA,NA
03/02/2019_20:36:52,NA,NA,NA
03/02/2019_20:36:53,NA,NA,NA
03/02/2019_20:36:54,NA,NA,NA
03/02/2019_20:36:55,NA,NA,NA
03/02/2019_20:36:56,NA,NA,NA
03/02/2019_20:36:57,NA,NA,NA
03/02/2019_20:36:58,NA,NA,NA
03/02/2019_20:36:59,NA,NA,NA
03/02/2019_20:37:00,NA,NA,NA
03/02/2019_20:37:01,NA,NA,NA
03/02/2019_20:37:02,NA,NA,NA
03/02/2019_20:37:03,NA,NA,NA
03/02/2019_20:37:04,NA,NA,NA
03/02/2019_20:37:05,NA,NA,NA
03/02/2019_20:37:06,NA,NA,NA
03/02/2019_20:37:07,NA,NA,NA
03/02/2019_20:37:08,NA,NA,NA
03/02/2019_20:37:09,NA,NA,NA
03/02/2019_20:37:10,NA,NA,NA
03/02/2019_20:37:11,NA,NA,NA
03/02/2019_20:37:12,NA,NA,NA
03/02/2019_20:37:13,NA,NA,NA
03/02/2019_20:37:14,NA,NA,NA
03/02/2019_20:37:15,NA,NA,NA
03/02/2019_20:37:16,NA,NA,NA
03/02/2019_20:37:17,NA,NA,NA
03/02/2019_20:37:18,NA,NA,NA
03/02/2019_20:37:19,NA,NA,NA
03/02/2019_20:37:20,NA,NA,NA
03/02/2019_20:37:21,NA,NA,NA
03/02/2019_20:37:22,NA,NA,NA
03/02/2019_20:37:23,NA,NA,NA
03/02/2019_20:37:24,NA,NA,NA
03/02/2019_20:37:25,NA,NA,NA
03/02/2019_20:37:26,NA,NA,NA
03/02/2019_20:37:27,NA,NA,NA
03/02/2019_20:37:28,NA,NA,NA
03/02/2019_20:37:29,NA,NA,NA
03/02/2019_20:37:30,NA,NA,NA
03/02/2019_20:37:31,NA,NA,NA
03/02/2019_20:37:32,NA,NA,NA
03/02/2019_20:37:33,NA,NA,NA
03/02/2019_20:37:34,NA,NA,NA
03/02/2019_20:37:35,NA,NA,NA
03/02/2019_20:37:36,NA,NA,NA
03/02/2019_20:37:37,NA,NA,NA
03/02/2019_20:37:38,NA,NA,NA
03/02/2019_20:37:39,NA,NA,NA
03/02/2019_20:37:40,NA,NA,NA
03/02/2019_20:37:41,NA,NA,NA
03/02/2019_20:37:42,NA,NA,NA
03/02/2019_20:37:43,NA,NA,NA
03/02/2019_20:37:44,NA,NA,NA
03/02/2019_20:37:45,NA,NA,NA
03/02/2019_20:37:46,NA,NA,NA
03/02/2019_20:37:47,NA,NA,NA
03/02/2019_20:37:48,NA,NA,NA
03/02/2019_20:37:49,NA,NA,NA
03/02/2019_20:37:50,NA,NA,NA
03/02/2019_20:37:51,NA,NA,NA
03/02/2019_20:37:52,NA,NA,NA
03/02/2019_20:37:53,NA,NA,NA
03/02/2019_20:37:54,NA,NA,NA
03/02/2019_20:37:55,NA,NA,NA
03/02/2019_20:37:56,NA,NA,NA
03/02/2019_20:37:57,NA,NA,NA
03/02/2019_20:37:58,NA,NA,NA
03/02/2019_20:37:59,NA,NA,NA
03/02/2019_20:38:00,NA,NA,NA
03/02/2019_20:38:01,NA,NA,NA
03/02/2019_20:38:02,NA,NA,NA
03/02/2019_20:38:03,NA,NA,NA
03/02/2019_20:38:04,NA,NA,NA
03/02/2019_20:38:05,NA,NA,NA
03/02/2019_20:38:06,NA,NA,NA
03/02/2019_20:38:07,NA,NA,NA
03/02/2019_20:38:08,NA,NA,NA
03/02/2019_20:38:09,NA,NA,NA
03/02/2019_20:38:10,NA,NA,NA
03/02/2019_20:38:11,NA,NA,NA
03/02/2019_20:38:12,NA,NA,NA
03/02/2019_20:38:13,NA,NA,NA
03/02/2019_20:38:14,NA,NA,NA
03/02/2019_20:38:15,NA,NA,NA
03/02/2019_20:38:16,NA,NA,NA
03/02/2019_20:38:17,NA,NA,NA
03/02/2019_20:38:18,NA,NA,NA
03/02/2019_20:38:19,NA,NA,NA
03/02/2019_20:38:20,NA,NA,NA
03/02/2019_20:38:21,NA,NA,NA
03/02/2019_20:38:22,NA,NA,NA
03/02/2019_20:38:23,NA,NA,NA
03/02/2019_20:38:24,NA,NA,NA
03/02/2019_20:38:25,NA,NA,NA
03/02/2019_20:38:26,NA,NA,NA
03/02/2019_20:38:27,NA,NA,NA
03/02/2019_20:38:29,NA,NA,NA
03/02/2019_20:38:30,NA,NA,NA
03/02/2019_20:38:31,NA,NA,NA
03/02/2019_20:38:32,NA,NA,NA
03/02/2019_20:38:33,NA,NA,NA
03/02/2019_20:38:34,NA,NA,NA
03/02/2019_20:38:35,NA,NA,NA
03/02/2019_20:38:36,NA,NA,NA
03/02/2019_20:38:37,NA,NA,NA
03/02/2019_20:38:38,NA,NA,NA
03/02/2019_20:38:39,NA,NA,NA
03/02/2019_20:38:40,NA,NA,NA
03/02/2019_20:38:41,NA,NA,NA
03/02/2019_20:38:42,NA,NA,NA
03/02/2019_20:38:43,NA,NA,NA
03/02/2019_20:38:44,NA,NA,NA
03/02/2019_20:38:45,NA,NA,NA
03/02/2019_20:38:46,NA,NA,NA
03/02/2019_20:38:47,NA,NA,NA
03/02/2019_20:38:48,NA,NA,NA
03/02/2019_20:38:49,NA,NA,NA
03/02/2019_20:38:50,NA,NA,NA
03/02/2019_20:38:51,NA,NA,NA
03/02/2019_20:38:52,NA,NA,NA
03/02/2019_20:38:53,NA,NA,NA
03/02/2019_20:38:54,NA,NA,NA
03/02/2019_20:38:55,NA,NA,NA
03/02/2019_20:38:56,NA,NA,NA
03/02/2019_20:38:57,NA,NA,NA
03/02/2019_20:38:58,NA,NA,NA
03/02/2019_20:38:59,NA,NA,NA
03/02/2019_20:39:00,NA,NA,NA
03/02/2019_20:39:01,NA,NA,NA
03/02/2019_20:39:02,NA,NA,NA
03/02/2019_20:39:03,NA,NA,NA
03/02/2019_20:39:04,NA,NA,NA
03/02/2019_20:39:05,NA,NA,NA
03/02/2019_20:39:06,NA,NA,NA
03/02/2019_20:39:07,NA,NA,NA
03/02/2019_20:39:08,NA,NA,NA
03/02/2019_20:39:09,NA,NA,NA
03/02/2019_20:39:10,NA,NA,NA
03/02/2019_20:39:11,NA,NA,NA
03/02/2019_20:39:12,NA,NA,NA
03/02/2019_20:39:13,NA,NA,NA
03/02/2019_20:39:14,NA,NA,NA
03/02/2019_20:39:15,NA,NA,NA
03/02/2019_20:39:16,NA,NA,NA
03/02/2019_20:39:17,NA,NA,NA
03/02/2019_20:39:18,NA,NA,NA
03/02/2019_20:39:19,NA,NA,NA
03/02/2019_20:39:20,NA,NA,NA
03/02/2019_20:39:21,NA,NA,NA
03/02/2019_20:39:22,NA,NA,NA
03/02/2019_20:39:23,NA,NA,NA
03/02/2019_20:39:24,NA,NA,NA
03/02/2019_20:39:25,NA,NA,NA
03/02/2019_20:39:26,NA,NA,NA
03/02/2019_20:39:27,NA,NA,NA
03/02/2019_20:39:28,NA,NA,NA
03/02/2019_20:39:29,NA,NA,NA
03/02/2019_20:39:30,NA,NA,NA
03/02/2019_20:39:31,NA,NA,NA
03/02/2019_20:39:32,NA,NA,NA
03/02/2019_20:39:33,NA,NA,NA
03/02/2019_20:39:34,NA,NA,NA
03/02/2019_20:39:35,NA,NA,NA
03/02/2019_20:39:36,NA,NA,NA
03/02/2019_20:39:37,NA,NA,NA
03/02/2019_20:39:38,NA,NA,NA
03/02/2019_20:39:39,NA,NA,NA
03/02/2019_20:39:40,NA,NA,NA
03/02/2019_20:39:41,NA,NA,NA
03/02/2019_20:39:42,NA,NA,NA
03/02/2019_20:39:43,NA,NA,NA
03/02/2019_20:39:44,NA,NA,NA
03/02/2019_20:39:45,NA,NA,NA
03/02/2019_20:39:46,NA,NA,NA
03/02/2019_20:39:47,NA,NA,NA
03/02/2019_20:39:48,NA,NA,NA
03/02/2019_20:39:49,NA,NA,NA
03/02/2019_20:39:50,NA,NA,NA
03/02/2019_20:39:51,NA,NA,NA
03/02/2019_20:39:52,NA,NA,NA
03/02/2019_20:39:53,NA,NA,NA
03/02/2019_20:39:54,NA,NA,NA
03/02/2019_20:39:55,NA,NA,NA
03/02/2019_20:39:56,NA,NA,NA
03/02/2019_20:39:57,NA,NA,NA
03/02/2019_20:39:58,NA,NA,NA
03/02/2019_20:39:59,NA,NA,NA
03/02/2019_20:40:00,NA,NA,NA
03/02/2019_20:40:01,NA,NA,NA
03/02/2019_20:40:02,NA,NA,NA
03/02/2019_20:40:03,NA,NA,NA
03/02/2019_20:40:04,NA,NA,NA
03/02/2019_20:40:05,NA,NA,NA
03/02/2019_20:40:06,NA,NA,NA
03/02/2019_20:40:07,NA,NA,NA
03/02/2019_20:40:08,NA,NA,NA
03/02/2019_20:40:09,NA,NA,NA
03/02/2019_20:40:10,NA,NA,NA
03/02/2019_20:40:11,NA,NA,NA
03/02/2019_20:40:12,NA,NA,NA
03/02/2019_20:40:13,NA,NA,NA
03/02/2019_20:40:14,NA,NA,NA
03/02/2019_20:40:15,NA,NA,NA
03/02/2019_20:40:16,NA,NA,NA
03/02/2019_20:40:17,NA,NA,NA
03/02/2019_20:40:18,NA,NA,NA
03/02/2019_20:40:19,NA,NA,NA
03/02/2019_20:40:20,NA,NA,NA
03/02/2019_20:40:21,NA,NA,NA
03/02/2019_20:40:22,NA,NA,NA
03/02/2019_20:40:23,NA,NA,NA
03/02/2019_20:40:24,NA,NA,NA
03/02/2019_20:40:25,NA,NA,NA
03/02/2019_20:40:26,NA,NA,NA
03/02/2019_20:40:27,NA,NA,NA
03/02/2019_20:40:28,NA,NA,NA
03/02/2019_20:40:29,NA,NA,NA
03/02/2019_20:40:30,NA,NA,NA
03/02/2019_20:40:31,NA,NA,NA
03/02/2019_20:40:32,NA,NA,NA
03/02/2019_20:40:33,NA,NA,NA
03/02/2019_20:40:34,NA,NA,NA
03/02/2019_20:40:35,NA,NA,NA
03/02/2019_20:40:36,NA,NA,NA
03/02/2019_20:40:37,NA,NA,NA
03/02/2019_20:40:38,NA,NA,NA
03/02/2019_20:40:39,NA,NA,NA
03/02/2019_20:40:40,NA,NA,NA
03/02/2019_20:40:41,NA,NA,NA
03/02/2019_20:40:42,NA,NA,NA
03/02/2019_20:40:43,NA,NA,NA
03/02/2019_20:40:44,NA,NA,NA
03/02/2019_20:40:45,NA,NA,NA
03/02/2019_20:40:46,NA,NA,NA
03/02/2019_20:40:47,NA,NA,NA
03/02/2019_20:40:48,NA,NA,NA
03/02/2019_20:40:49,NA,NA,NA
03/02/2019_20:40:50,NA,NA,NA
03/02/2019_20:40:51,NA,NA,NA
03/02/2019_20:40:52,NA,NA,NA
03/02/2019_20:40:53,NA,NA,NA
03/02/2019_20:40:54,NA,NA,NA
03/02/2019_20:40:55,NA,NA,NA
03/02/2019_20:40:56,NA,NA,NA
03/02/2019_20:40:57,NA,NA,NA
03/02/2019_20:40:58,NA,NA,NA
03/02/2019_20:40:59,NA,NA,NA
03/02/2019_20:41:00,NA,NA,NA
03/02/2019_20:41:01,NA,NA,NA
03/02/2019_20:41:02,NA,NA,NA
03/02/2019_20:41:03,NA,NA,NA
03/02/2019_20:41:04,NA,NA,NA
03/02/2019_20:41:05,NA,NA,NA
03/02/2019_20:41:06,NA,NA,NA
03/02/2019_20:41:07,NA,NA,NA
03/02/2019_20:41:08,NA,NA,NA
03/02/2019_20:41:09,NA,NA,NA
03/02/2019_20:41:10,NA,NA,NA
03/02/2019_20:41:11,NA,NA,NA
03/02/2019_20:41:12,NA,NA,NA
03/02/2019_20:41:13,NA,NA,NA
03/02/2019_20:41:14,NA,NA,NA
03/02/2019_20:41:15,NA,NA,NA
03/02/2019_20:41:16,NA,NA,NA
03/02/2019_20:41:17,NA,NA,NA
03/02/2019_20:41:18,NA,NA,NA
03/02/2019_20:41:19,NA,NA,NA
03/02/2019_20:41:20,NA,NA,NA
03/02/2019_20:41:21,NA,NA,NA
03/02/2019_20:41:22,NA,NA,NA
03/02/2019_20:41:23,NA,NA,NA
03/02/2019_20:41:24,NA,NA,NA
03/02/2019_20:41:25,NA,NA,NA
03/02/2019_20:41:26,NA,NA,NA
03/02/2019_20:41:27,NA,NA,NA
03/02/2019_20:41:28,NA,NA,NA
03/02/2019_20:41:29,NA,NA,NA
03/02/2019_20:41:30,NA,NA,NA
03/02/2019_20:41:32,NA,NA,NA
03/02/2019_20:41:33,NA,NA,NA
03/02/2019_20:41:34,NA,NA,NA
03/02/2019_20:41:35,NA,NA,NA
03/02/2019_20:41:36,NA,NA,NA
03/02/2019_20:41:37,NA,NA,NA
03/02/2019_20:41:38,NA,NA,NA
03/02/2019_20:41:39,NA,NA,NA
03/02/2019_20:41:40,NA,NA,NA
03/02/2019_20:41:41,NA,NA,NA
03/02/2019_20:41:42,NA,NA,NA
03/02/2019_20:41:43,NA,NA,NA
03/02/2019_20:41:44,NA,NA,NA
03/02/2019_20:41:45,NA,NA,NA
03/02/2019_20:41:46,NA,NA,NA
03/02/2019_20:41:47,NA,NA,NA
03/02/2019_20:41:48,NA,NA,NA
03/02/2019_20:41:49,NA,NA,NA
03/02/2019_20:41:50,NA,NA,NA
03/02/2019_20:41:51,NA,NA,NA
03/02/2019_20:41:52,NA,NA,NA
03/02/2019_20:41:53,NA,NA,NA
03/02/2019_20:41:54,NA,NA,NA
03/02/2019_20:41:55,NA,NA,NA
03/02/2019_20:41:56,NA,NA,NA
03/02/2019_20:41:57,NA,NA,NA
03/02/2019_20:41:58,NA,NA,NA
03/02/2019_20:41:59,NA,NA,NA
03/02/2019_20:42:00,NA,NA,NA
03/02/2019_20:42:01,NA,NA,NA
03/02/2019_20:42:02,NA,NA,NA
03/02/2019_20:42:03,NA,NA,NA
03/02/2019_20:42:04,NA,NA,NA
03/02/2019_20:42:05,NA,NA,NA
03/02/2019_20:42:06,NA,NA,NA
03/02/2019_20:42:07,NA,NA,NA
03/02/2019_20:42:08,NA,NA,NA
03/02/2019_20:42:09,NA,NA,NA
03/02/2019_20:42:10,NA,NA,NA
03/02/2019_20:42:11,NA,NA,NA
03/02/2019_20:42:12,NA,NA,NA
03/02/2019_20:42:13,NA,NA,NA
03/02/2019_20:42:14,NA,NA,NA
03/02/2019_20:42:15,NA,NA,NA
03/02/2019_20:42:16,NA,NA,NA
03/02/2019_20:42:17,NA,NA,NA
03/02/2019_20:42:18,NA,NA,NA
03/02/2019_20:42:19,NA,NA,NA
03/02/2019_20:42:20,NA,NA,NA
03/02/2019_20:42:21,NA,NA,NA
03/02/2019_20:42:22,NA,NA,NA
03/02/2019_20:42:23,NA,NA,NA
03/02/2019_20:42:24,NA,NA,NA
03/02/2019_20:42:25,NA,NA,NA
03/02/2019_20:42:26,NA,NA,NA
03/02/2019_20:42:27,NA,NA,NA
03/02/2019_20:42:28,NA,NA,NA
03/02/2019_20:42:29,NA,NA,NA
03/02/2019_20:42:30,NA,NA,NA
03/02/2019_20:42:31,NA,NA,NA
03/02/2019_20:42:32,NA,NA,NA
03/02/2019_20:42:33,NA,NA,NA
03/02/2019_20:42:34,NA,NA,NA
03/02/2019_20:42:35,NA,NA,NA
03/02/2019_20:42:36,NA,NA,NA
03/02/2019_20:42:37,NA,NA,NA
03/02/2019_20:42:38,NA,NA,NA
03/02/2019_20:42:39,NA,NA,NA
03/02/2019_20:42:40,NA,NA,NA
03/02/2019_20:42:41,NA,NA,NA
03/02/2019_20:42:42,NA,NA,NA
03/02/2019_20:42:43,NA,NA,NA
03/02/2019_20:42:44,NA,NA,NA
03/02/2019_20:42:45,NA,NA,NA
03/02/2019_20:42:46,NA,NA,NA
03/02/2019_20:42:47,NA,NA,NA
03/02/2019_20:42:48,NA,NA,NA
03/02/2019_20:42:49,NA,NA,NA
03/02/2019_20:42:50,NA,NA,NA
03/02/2019_20:42:51,NA,NA,NA
03/02/2019_20:42:52,NA,NA,NA
03/02/2019_20:42:53,NA,NA,NA
03/02/2019_20:42:54,NA,NA,NA
03/02/2019_20:42:55,NA,NA,NA
03/02/2019_20:42:56,NA,NA,NA
03/02/2019_20:42:57,NA,NA,NA
03/02/2019_20:42:58,NA,NA,NA
03/02/2019_20:42:59,NA,NA,NA
03/02/2019_20:43:00,NA,NA,NA
03/02/2019_20:43:01,NA,NA,NA
03/02/2019_20:43:02,NA,NA,NA
03/02/2019_20:43:03,NA,NA,NA
03/02/2019_20:43:04,NA,NA,NA
03/02/2019_20:43:05,NA,NA,NA
03/02/2019_20:43:06,NA,NA,NA
03/02/2019_20:43:07,NA,NA,NA
03/02/2019_20:43:08,NA,NA,NA
03/02/2019_20:43:09,NA,NA,NA
03/02/2019_20:43:10,NA,NA,NA
03/02/2019_20:43:11,NA,NA,NA
03/02/2019_20:43:12,NA,NA,NA
03/02/2019_20:43:13,NA,NA,NA
03/02/2019_20:43:14,NA,NA,NA
03/02/2019_20:43:15,NA,NA,NA
03/02/2019_20:43:16,NA,NA,NA
03/02/2019_20:43:17,NA,NA,NA
03/02/2019_20:43:18,NA,NA,NA
03/02/2019_20:43:19,NA,NA,NA
03/02/2019_20:43:20,NA,NA,NA
03/02/2019_20:43:21,NA,NA,NA
03/02/2019_20:43:22,NA,NA,NA
03/02/2019_20:43:23,NA,NA,NA
03/02/2019_20:43:24,NA,NA,NA
03/02/2019_20:43:25,NA,NA,NA
03/02/2019_20:43:26,NA,NA,NA
03/02/2019_20:43:27,NA,NA,NA
03/02/2019_20:43:28,NA,NA,NA
03/02/2019_20:43:29,NA,NA,NA
03/02/2019_20:43:30,NA,NA,NA
03/02/2019_20:43:31,NA,NA,NA
03/02/2019_20:43:32,NA,NA,NA
03/02/2019_20:43:33,NA,NA,NA
03/02/2019_20:43:34,NA,NA,NA
03/02/2019_20:43:35,NA,NA,NA
03/02/2019_20:43:36,NA,NA,NA
03/02/2019_20:43:37,NA,NA,NA
03/02/2019_20:43:38,NA,NA,NA
03/02/2019_20:43:39,NA,NA,NA
03/02/2019_20:43:40,NA,NA,NA
03/02/2019_20:43:41,NA,NA,NA
03/02/2019_20:43:42,NA,NA,NA
03/02/2019_20:43:43,NA,NA,NA
03/02/2019_20:43:44,NA,NA,NA
03/02/2019_20:43:45,NA,NA,NA
03/02/2019_20:43:46,NA,NA,NA
03/02/2019_20:43:47,NA,NA,NA
03/02/2019_20:43:48,NA,NA,NA
03/02/2019_20:43:49,NA,NA,NA
03/02/2019_20:43:50,NA,NA,NA
03/02/2019_20:43:51,NA,NA,NA
03/02/2019_20:43:52,NA,NA,NA
03/02/2019_20:43:53,NA,NA,NA
03/02/2019_20:43:54,NA,NA,NA
03/02/2019_20:43:55,NA,NA,NA
03/02/2019_20:43:56,NA,NA,NA
03/02/2019_20:43:57,NA,NA,NA
03/02/2019_20:43:58,NA,NA,NA
03/02/2019_20:43:59,NA,NA,NA
03/02/2019_20:44:00,NA,NA,NA
03/02/2019_20:44:01,NA,NA,NA
03/02/2019_20:44:02,NA,NA,NA
03/02/2019_20:44:03,NA,NA,NA
03/02/2019_20:44:04,NA,NA,NA
03/02/2019_20:44:05,NA,NA,NA
03/02/2019_20:44:06,NA,NA,NA
03/02/2019_20:44:07,NA,NA,NA
03/02/2019_20:44:08,NA,NA,NA
03/02/2019_20:44:09,NA,NA,NA
03/02/2019_20:44:10,NA,NA,NA
03/02/2019_20:44:11,NA,NA,NA
03/02/2019_20:44:12,NA,NA,NA
03/02/2019_20:44:13,NA,NA,NA
03/02/2019_20:44:14,NA,NA,NA
03/02/2019_20:44:15,NA,NA,NA
03/02/2019_20:44:16,NA,NA,NA
03/02/2019_20:44:17,NA,NA,NA
03/02/2019_20:44:18,NA,NA,NA
03/02/2019_20:44:19,NA,NA,NA
03/02/2019_20:44:20,NA,NA,NA
03/02/2019_20:44:21,NA,NA,NA
03/02/2019_20:44:22,NA,NA,NA
03/02/2019_20:44:23,NA,NA,NA
03/02/2019_20:44:24,NA,NA,NA
03/02/2019_20:44:25,NA,NA,NA
03/02/2019_20:44:26,NA,NA,NA
03/02/2019_20:44:27,NA,NA,NA
03/02/2019_20:44:28,NA,NA,NA
03/02/2019_20:44:29,NA,NA,NA
03/02/2019_20:44:30,NA,NA,NA
03/02/2019_20:44:31,NA,NA,NA
03/02/2019_20:44:32,NA,NA,NA
03/02/2019_20:44:33,NA,NA,NA
03/02/2019_20:44:34,NA,NA,NA
03/02/2019_20:44:35,NA,NA,NA
03/02/2019_20:44:36,NA,NA,NA
03/02/2019_20:44:38,NA,NA,NA
03/02/2019_20:44:39,NA,NA,NA
03/02/2019_20:44:40,NA,NA,NA
03/02/2019_20:44:41,NA,NA,NA
03/02/2019_20:44:42,NA,NA,NA
03/02/2019_20:44:43,NA,NA,NA
03/02/2019_20:44:44,NA,NA,NA
03/02/2019_20:44:45,NA,NA,NA
03/02/2019_20:44:46,NA,NA,NA
03/02/2019_20:44:47,NA,NA,NA
03/02/2019_20:44:48,NA,NA,NA
03/02/2019_20:44:49,NA,NA,NA
03/02/2019_20:44:50,NA,NA,NA
03/02/2019_20:44:51,NA,NA,NA
03/02/2019_20:44:52,NA,NA,NA
03/02/2019_20:44:53,NA,NA,NA
03/02/2019_20:44:54,NA,NA,NA
03/02/2019_20:44:55,NA,NA,NA
03/02/2019_20:44:56,NA,NA,NA
03/02/2019_20:44:57,NA,NA,NA
03/02/2019_20:44:58,NA,NA,NA
03/02/2019_20:44:59,NA,NA,NA
03/02/2019_20:45:00,NA,NA,NA
03/02/2019_20:45:01,NA,NA,NA
03/02/2019_20:45:02,NA,NA,NA
03/02/2019_20:45:03,NA,NA,NA
03/02/2019_20:45:04,NA,NA,NA
03/02/2019_20:45:05,NA,NA,NA
03/02/2019_20:45:06,NA,NA,NA
03/02/2019_20:45:07,NA,NA,NA
03/02/2019_20:45:08,NA,NA,NA
03/02/2019_20:45:09,NA,NA,NA
03/02/2019_20:45:10,NA,NA,NA
03/02/2019_20:45:11,NA,NA,NA
03/02/2019_20:45:12,NA,NA,NA
03/02/2019_20:45:13,NA,NA,NA
03/02/2019_20:45:14,NA,NA,NA
03/02/2019_20:45:15,NA,NA,NA
03/02/2019_20:45:16,NA,NA,NA
03/02/2019_20:45:17,NA,NA,NA
03/02/2019_20:45:18,NA,NA,NA
03/02/2019_20:45:19,NA,NA,NA
03/02/2019_20:45:20,NA,NA,NA
03/02/2019_20:45:21,NA,NA,NA
03/02/2019_20:45:22,NA,NA,NA
03/02/2019_20:45:23,NA,NA,NA
03/02/2019_20:45:24,NA,NA,NA
03/02/2019_20:45:25,NA,NA,NA
03/02/2019_20:45:26,NA,NA,NA
03/02/2019_20:45:27,NA,NA,NA
03/02/2019_20:45:28,NA,NA,NA
03/02/2019_20:45:29,NA,NA,NA
03/02/2019_20:45:30,NA,NA,NA
03/02/2019_20:45:31,NA,NA,NA
03/02/2019_20:45:32,NA,NA,NA
03/02/2019_20:45:33,NA,NA,NA
03/02/2019_20:45:34,NA,NA,NA
03/02/2019_20:45:35,NA,NA,NA
03/02/2019_20:45:36,NA,NA,NA
03/02/2019_20:45:37,NA,NA,NA
03/02/2019_20:45:38,NA,NA,NA
03/02/2019_20:45:39,NA,NA,NA
03/02/2019_20:45:40,NA,NA,NA
03/02/2019_20:45:41,NA,NA,NA
03/02/2019_20:45:42,NA,NA,NA
03/02/2019_20:45:43,NA,NA,NA
03/02/2019_20:45:44,NA,NA,NA
03/02/2019_20:45:45,NA,NA,NA
03/02/2019_20:45:46,NA,NA,NA
03/02/2019_20:45:47,NA,NA,NA
03/02/2019_20:45:48,NA,NA,NA
03/02/2019_20:45:49,NA,NA,NA
03/02/2019_20:45:50,NA,NA,NA
03/02/2019_20:45:51,NA,NA,NA
03/02/2019_20:45:52,NA,NA,NA
03/02/2019_20:45:53,NA,NA,NA
03/02/2019_20:45:54,NA,NA,NA
03/02/2019_20:45:55,NA,NA,NA
03/02/2019_20:45:56,NA,NA,NA
03/02/2019_20:45:57,NA,NA,NA
03/02/2019_20:45:58,NA,NA,NA
03/02/2019_20:45:59,NA,NA,NA
03/02/2019_20:46:00,NA,NA,NA
03/02/2019_20:46:01,NA,NA,NA
03/02/2019_20:46:02,NA,NA,NA
03/02/2019_20:46:03,NA,NA,NA
03/02/2019_20:46:04,NA,NA,NA
03/02/2019_20:46:05,NA,NA,NA
03/02/2019_20:46:06,NA,NA,NA
03/02/2019_20:46:07,NA,NA,NA
03/02/2019_20:46:08,NA,NA,NA
03/02/2019_20:46:09,NA,NA,NA
03/02/2019_20:46:10,NA,NA,NA
03/02/2019_20:46:11,NA,NA,NA
03/02/2019_20:46:12,NA,NA,NA
03/02/2019_20:46:13,NA,NA,NA
03/02/2019_20:46:14,NA,NA,NA
03/02/2019_20:46:15,NA,NA,NA
03/02/2019_20:46:16,NA,NA,NA
03/02/2019_20:46:17,NA,NA,NA
03/02/2019_20:46:18,NA,NA,NA
03/02/2019_20:46:19,NA,NA,NA
03/02/2019_20:46:20,NA,NA,NA
03/02/2019_20:46:21,NA,NA,NA
03/02/2019_20:46:22,NA,NA,NA
03/02/2019_20:46:23,NA,NA,NA
03/02/2019_20:46:24,NA,NA,NA
03/02/2019_20:46:25,NA,NA,NA
03/02/2019_20:46:26,NA,NA,NA
03/02/2019_20:46:27,NA,NA,NA
03/02/2019_20:46:28,NA,NA,NA
03/02/2019_20:46:29,NA,NA,NA
03/02/2019_20:46:30,NA,NA,NA
03/02/2019_20:46:31,NA,NA,NA
03/02/2019_20:46:32,NA,NA,NA
03/02/2019_20:46:33,NA,NA,NA
03/02/2019_20:46:34,NA,NA,NA
03/02/2019_20:46:35,NA,NA,NA
03/02/2019_20:46:36,NA,NA,NA
03/02/2019_20:46:37,NA,NA,NA
03/02/2019_20:46:38,NA,NA,NA
03/02/2019_20:46:39,NA,NA,NA
03/02/2019_20:46:40,NA,NA,NA
03/02/2019_20:46:41,NA,NA,NA
03/02/2019_20:46:42,NA,NA,NA
03/02/2019_20:46:43,NA,NA,NA
03/02/2019_20:46:44,NA,NA,NA
03/02/2019_20:46:45,NA,NA,NA
03/02/2019_20:46:46,NA,NA,NA
03/02/2019_20:46:47,NA,NA,NA
03/02/2019_20:46:48,NA,NA,NA
03/02/2019_20:46:49,NA,NA,NA
03/02/2019_20:46:50,NA,NA,NA
03/02/2019_20:46:51,NA,NA,NA
03/02/2019_20:46:52,NA,NA,NA
03/02/2019_20:46:53,NA,NA,NA
03/02/2019_20:46:54,NA,NA,NA
03/02/2019_20:46:55,NA,NA,NA
03/02/2019_20:46:56,NA,NA,NA
03/02/2019_20:46:57,NA,NA,NA
03/02/2019_20:46:58,NA,NA,NA
03/02/2019_20:46:59,NA,NA,NA
03/02/2019_20:47:00,NA,NA,NA
03/02/2019_20:47:01,NA,NA,NA
03/02/2019_20:47:02,NA,NA,NA
03/02/2019_20:47:03,NA,NA,NA
03/02/2019_20:47:04,NA,NA,NA
03/02/2019_20:47:05,NA,NA,NA
03/02/2019_20:47:06,NA,NA,NA
03/02/2019_20:47:07,NA,NA,NA
03/02/2019_20:47:08,NA,NA,NA
03/02/2019_20:47:09,NA,NA,NA
03/02/2019_20:47:10,NA,NA,NA
03/02/2019_20:47:11,NA,NA,NA
03/02/2019_20:47:12,NA,NA,NA
03/02/2019_20:47:13,NA,NA,NA
03/02/2019_20:47:14,NA,NA,NA
03/02/2019_20:47:15,NA,NA,NA
03/02/2019_20:47:16,NA,NA,NA
03/02/2019_20:47:17,NA,NA,NA
03/02/2019_20:47:18,NA,NA,NA
03/02/2019_20:47:19,NA,NA,NA
03/02/2019_20:47:20,NA,NA,NA
03/02/2019_20:47:21,NA,NA,NA
03/02/2019_20:47:22,NA,NA,NA
03/02/2019_20:47:23,NA,NA,NA
03/02/2019_20:47:24,NA,NA,NA
03/02/2019_20:47:25,NA,NA,NA
03/02/2019_20:47:26,NA,NA,NA
03/02/2019_20:47:27,NA,NA,NA
03/02/2019_20:47:28,NA,NA,NA
03/02/2019_20:47:29,NA,NA,NA
03/02/2019_20:47:30,NA,NA,NA
03/02/2019_20:47:31,NA,NA,NA
03/02/2019_20:47:32,NA,NA,NA
03/02/2019_20:47:33,NA,NA,NA
03/02/2019_20:47:34,NA,NA,NA
03/02/2019_20:47:35,NA,NA,NA
03/02/2019_20:47:36,NA,NA,NA
03/02/2019_20:47:37,NA,NA,NA
03/02/2019_20:47:38,NA,NA,NA
03/02/2019_20:47:39,NA,NA,NA
03/02/2019_20:47:40,NA,NA,NA
03/02/2019_20:47:42,NA,NA,NA
03/02/2019_20:47:43,NA,NA,NA
03/02/2019_20:47:44,NA,NA,NA
03/02/2019_20:47:45,NA,NA,NA
03/02/2019_20:47:46,NA,NA,NA
03/02/2019_20:47:47,NA,NA,NA
03/02/2019_20:47:48,NA,NA,NA
03/02/2019_20:47:49,NA,NA,NA
03/02/2019_20:47:50,NA,NA,NA
03/02/2019_20:47:51,NA,NA,NA
03/02/2019_20:47:52,NA,NA,NA
03/02/2019_20:47:53,NA,NA,NA
03/02/2019_20:47:54,NA,NA,NA
03/02/2019_20:47:55,NA,NA,NA
03/02/2019_20:47:56,NA,NA,NA
03/02/2019_20:47:57,NA,NA,NA
03/02/2019_20:47:58,NA,NA,NA
03/02/2019_20:47:59,NA,NA,NA
03/02/2019_20:48:00,NA,NA,NA
03/02/2019_20:48:01,NA,NA,NA
03/02/2019_20:48:02,NA,NA,NA
03/02/2019_20:48:03,NA,NA,NA
03/02/2019_20:48:04,NA,NA,NA
03/02/2019_20:48:05,NA,NA,NA
03/02/2019_20:48:06,NA,NA,NA
03/02/2019_20:48:07,NA,NA,NA
03/02/2019_20:48:08,NA,NA,NA
03/02/2019_20:48:09,NA,NA,NA
03/02/2019_20:48:10,NA,NA,NA
03/02/2019_20:48:11,NA,NA,NA
03/02/2019_20:48:12,NA,NA,NA
03/02/2019_20:48:13,NA,NA,NA
03/02/2019_20:48:14,NA,NA,NA
03/02/2019_20:48:15,NA,NA,NA
03/02/2019_20:48:16,NA,NA,NA
03/02/2019_20:48:17,NA,NA,NA
03/02/2019_20:48:18,NA,NA,NA
03/02/2019_20:48:19,NA,NA,NA
03/02/2019_20:48:20,NA,NA,NA
03/02/2019_20:48:21,NA,NA,NA
03/02/2019_20:48:22,NA,NA,NA
03/02/2019_20:48:23,NA,NA,NA
03/02/2019_20:48:24,NA,NA,NA
03/02/2019_20:48:25,NA,NA,NA
03/02/2019_20:48:26,NA,NA,NA
03/02/2019_20:48:27,NA,NA,NA
03/02/2019_20:48:28,NA,NA,NA
03/02/2019_20:48:29,NA,NA,NA
03/02/2019_20:48:30,NA,NA,NA
03/02/2019_20:48:31,NA,NA,NA
03/02/2019_20:48:32,NA,NA,NA
03/02/2019_20:48:33,NA,NA,NA
03/02/2019_20:48:34,NA,NA,NA
03/02/2019_20:48:35,NA,NA,NA
03/02/2019_20:48:36,NA,NA,NA
03/02/2019_20:48:37,NA,NA,NA
03/02/2019_20:48:38,NA,NA,NA
03/02/2019_20:48:39,NA,NA,NA
03/02/2019_20:48:40,NA,NA,NA
03/02/2019_20:48:41,NA,NA,NA
03/02/2019_20:48:42,NA,NA,NA
03/02/2019_20:48:43,NA,NA,NA
03/02/2019_20:48:44,NA,NA,NA
03/02/2019_20:48:45,NA,NA,NA
03/02/2019_20:48:46,NA,NA,NA
03/02/2019_20:48:47,NA,NA,NA
03/02/2019_20:48:48,NA,NA,NA
03/02/2019_20:48:49,NA,NA,NA
03/02/2019_20:48:50,NA,NA,NA
03/02/2019_20:48:51,NA,NA,NA
03/02/2019_20:48:52,NA,NA,NA
03/02/2019_20:48:53,NA,NA,NA
03/02/2019_20:48:54,NA,NA,NA
03/02/2019_20:48:55,NA,NA,NA
03/02/2019_20:48:56,NA,NA,NA
03/02/2019_20:48:57,NA,NA,NA
03/02/2019_20:48:58,NA,NA,NA
03/02/2019_20:48:59,NA,NA,NA
03/02/2019_20:49:00,NA,NA,NA
03/02/2019_20:49:01,NA,NA,NA
03/02/2019_20:49:02,NA,NA,NA
03/02/2019_20:49:03,NA,NA,NA
03/02/2019_20:49:04,NA,NA,NA
03/02/2019_20:49:05,NA,NA,NA
03/02/2019_20:49:06,NA,NA,NA
03/02/2019_20:49:07,NA,NA,NA
03/02/2019_20:49:08,NA,NA,NA
03/02/2019_20:49:09,NA,NA,NA
03/02/2019_20:49:10,NA,NA,NA
03/02/2019_20:49:11,NA,NA,NA
03/02/2019_20:49:12,NA,NA,NA
03/02/2019_20:49:13,NA,NA,NA
03/02/2019_20:49:14,NA,NA,NA
03/02/2019_20:49:15,NA,NA,NA
03/02/2019_20:49:16,NA,NA,NA
03/02/2019_20:49:17,NA,NA,NA
03/02/2019_20:49:18,NA,NA,NA
03/02/2019_20:49:19,NA,NA,NA
03/02/2019_20:49:20,NA,NA,NA
03/02/2019_20:49:21,NA,NA,NA
03/02/2019_20:49:22,NA,NA,NA
03/02/2019_20:49:23,NA,NA,NA
03/02/2019_20:49:24,NA,NA,NA
03/02/2019_20:49:25,NA,NA,NA
03/02/2019_20:49:26,NA,NA,NA
03/02/2019_20:49:27,NA,NA,NA
03/02/2019_20:49:28,NA,NA,NA
03/02/2019_20:49:29,NA,NA,NA
03/02/2019_20:49:30,NA,NA,NA
03/02/2019_20:49:31,NA,NA,NA
03/02/2019_20:49:32,NA,NA,NA
03/02/2019_20:49:33,NA,NA,NA
03/02/2019_20:49:34,NA,NA,NA
03/02/2019_20:49:35,NA,NA,NA
03/02/2019_20:49:36,NA,NA,NA
03/02/2019_20:49:37,NA,NA,NA
03/02/2019_20:49:38,NA,NA,NA
03/02/2019_20:49:39,NA,NA,NA
03/02/2019_20:49:40,NA,NA,NA
03/02/2019_20:49:41,NA,NA,NA
03/02/2019_20:49:42,NA,NA,NA
03/02/2019_20:49:43,NA,NA,NA
03/02/2019_20:49:44,NA,NA,NA
03/02/2019_20:49:45,NA,NA,NA
03/02/2019_20:49:46,NA,NA,NA
03/02/2019_20:49:47,NA,NA,NA
03/02/2019_20:49:48,NA,NA,NA
03/02/2019_20:49:49,NA,NA,NA
03/02/2019_20:49:50,NA,NA,NA
03/02/2019_20:49:51,NA,NA,NA
03/02/2019_20:49:52,NA,NA,NA
03/02/2019_20:49:53,NA,NA,NA
03/02/2019_20:49:54,NA,NA,NA
03/02/2019_20:49:55,NA,NA,NA
03/02/2019_20:49:56,NA,NA,NA
03/02/2019_20:49:57,NA,NA,NA
03/02/2019_20:49:58,NA,NA,NA
03/02/2019_20:49:59,NA,NA,NA
03/02/2019_20:50:00,NA,NA,NA
03/02/2019_20:50:01,NA,NA,NA
03/02/2019_20:50:02,NA,NA,NA
03/02/2019_20:50:03,NA,NA,NA
03/02/2019_20:50:04,NA,NA,NA
03/02/2019_20:50:05,NA,NA,NA
03/02/2019_20:50:06,NA,NA,NA
03/02/2019_20:50:07,NA,NA,NA
03/02/2019_20:50:08,NA,NA,NA
03/02/2019_20:50:09,NA,NA,NA
03/02/2019_20:50:10,NA,NA,NA
03/02/2019_20:50:11,NA,NA,NA
03/02/2019_20:50:12,NA,NA,NA
03/02/2019_20:50:13,NA,NA,NA
03/02/2019_20:50:14,NA,NA,NA
03/02/2019_20:50:15,NA,NA,NA
03/02/2019_20:50:16,NA,NA,NA
03/02/2019_20:50:17,NA,NA,NA
03/02/2019_20:50:18,NA,NA,NA
03/02/2019_20:50:19,NA,NA,NA
03/02/2019_20:50:20,NA,NA,NA
03/02/2019_20:50:21,NA,NA,NA
03/02/2019_20:50:22,NA,NA,NA
03/02/2019_20:50:23,NA,NA,NA
03/02/2019_20:50:24,NA,NA,NA
03/02/2019_20:50:25,NA,NA,NA
03/02/2019_20:50:26,NA,NA,NA
03/02/2019_20:50:27,NA,NA,NA
03/02/2019_20:50:28,NA,NA,NA
03/02/2019_20:50:29,NA,NA,NA
03/02/2019_20:50:30,NA,NA,NA
03/02/2019_20:50:31,NA,NA,NA
03/02/2019_20:50:32,NA,NA,NA
03/02/2019_20:50:33,NA,NA,NA
03/02/2019_20:50:34,NA,NA,NA
03/02/2019_20:50:35,NA,NA,NA
03/02/2019_20:50:36,NA,NA,NA
03/02/2019_20:50:37,NA,NA,NA
03/02/2019_20:50:38,NA,NA,NA
03/02/2019_20:50:39,NA,NA,NA
03/02/2019_20:50:40,NA,NA,NA
03/02/2019_20:50:41,NA,NA,NA
03/02/2019_20:50:42,NA,NA,NA
03/02/2019_20:50:43,NA,NA,NA
03/02/2019_20:50:45,NA,NA,NA
03/02/2019_20:50:46,NA,NA,NA
03/02/2019_20:50:47,NA,NA,NA
03/02/2019_20:50:48,NA,NA,NA
03/02/2019_20:50:49,NA,NA,NA
03/02/2019_20:50:50,NA,NA,NA
03/02/2019_20:50:51,NA,NA,NA
03/02/2019_20:50:52,NA,NA,NA
03/02/2019_20:50:53,NA,NA,NA
03/02/2019_20:50:54,NA,NA,NA
03/02/2019_20:50:55,NA,NA,NA
03/02/2019_20:50:56,NA,NA,NA
03/02/2019_20:50:57,NA,NA,NA
03/02/2019_20:50:58,NA,NA,NA
03/02/2019_20:50:59,NA,NA,NA
03/02/2019_20:51:00,NA,NA,NA
03/02/2019_20:51:01,NA,NA,NA
03/02/2019_20:51:02,NA,NA,NA
03/02/2019_20:51:03,NA,NA,NA
03/02/2019_20:51:04,NA,NA,NA
03/02/2019_20:51:05,NA,NA,NA
03/02/2019_20:51:06,NA,NA,NA
03/02/2019_20:51:07,NA,NA,NA
03/02/2019_20:51:08,NA,NA,NA
03/02/2019_20:51:09,NA,NA,NA
03/02/2019_20:51:10,NA,NA,NA
03/02/2019_20:51:11,NA,NA,NA
03/02/2019_20:51:12,NA,NA,NA
03/02/2019_20:51:13,NA,NA,NA
03/02/2019_20:51:14,NA,NA,NA
03/02/2019_20:51:15,NA,NA,NA
03/02/2019_20:51:16,NA,NA,NA
03/02/2019_20:51:17,NA,NA,NA
03/02/2019_20:51:18,NA,NA,NA
03/02/2019_20:51:19,NA,NA,NA
03/02/2019_20:51:20,NA,NA,NA
03/02/2019_20:51:21,NA,NA,NA
03/02/2019_20:51:22,NA,NA,NA
03/02/2019_20:51:23,NA,NA,NA
03/02/2019_20:51:24,NA,NA,NA
03/02/2019_20:51:25,NA,NA,NA
03/02/2019_20:51:26,NA,NA,NA
03/02/2019_20:51:27,NA,NA,NA
03/02/2019_20:51:28,NA,NA,NA
03/02/2019_20:51:29,NA,NA,NA
03/02/2019_20:51:30,NA,NA,NA
03/02/2019_20:51:31,NA,NA,NA
03/02/2019_20:51:32,NA,NA,NA
03/02/2019_20:51:33,NA,NA,NA
03/02/2019_20:51:34,NA,NA,NA
03/02/2019_20:51:35,NA,NA,NA
03/02/2019_20:51:36,NA,NA,NA
03/02/2019_20:51:37,NA,NA,NA
03/02/2019_20:51:38,NA,NA,NA
03/02/2019_20:51:39,NA,NA,NA
03/02/2019_20:51:40,NA,NA,NA
03/02/2019_20:51:41,NA,NA,NA
03/02/2019_20:51:42,NA,NA,NA
03/02/2019_20:51:43,NA,NA,NA
03/02/2019_20:51:44,NA,NA,NA
03/02/2019_20:51:45,NA,NA,NA
03/02/2019_20:51:46,NA,NA,NA
03/02/2019_20:51:47,NA,NA,NA
03/02/2019_20:51:48,NA,NA,NA
03/02/2019_20:51:49,NA,NA,NA
03/02/2019_20:51:50,NA,NA,NA
03/02/2019_20:51:51,NA,NA,NA
03/02/2019_20:51:52,NA,NA,NA
03/02/2019_20:51:53,NA,NA,NA
03/02/2019_20:51:54,NA,NA,NA
03/02/2019_20:51:55,NA,NA,NA
03/02/2019_20:51:56,NA,NA,NA
03/02/2019_20:51:57,NA,NA,NA
03/02/2019_20:51:58,NA,NA,NA
03/02/2019_20:51:59,NA,NA,NA
03/02/2019_20:52:00,NA,NA,NA
03/02/2019_20:52:01,NA,NA,NA
03/02/2019_20:52:02,NA,NA,NA
03/02/2019_20:52:03,NA,NA,NA
03/02/2019_20:52:04,NA,NA,NA
03/02/2019_20:52:05,NA,NA,NA
03/02/2019_20:52:06,NA,NA,NA
03/02/2019_20:52:07,NA,NA,NA
03/02/2019_20:52:08,NA,NA,NA
03/02/2019_20:52:09,NA,NA,NA
03/02/2019_20:52:10,NA,NA,NA
03/02/2019_20:52:11,NA,NA,NA
03/02/2019_20:52:12,NA,NA,NA
03/02/2019_20:52:13,NA,NA,NA
03/02/2019_20:52:14,NA,NA,NA
03/02/2019_20:52:15,NA,NA,NA
03/02/2019_20:52:16,NA,NA,NA
03/02/2019_20:52:17,NA,NA,NA
03/02/2019_20:52:18,NA,NA,NA
03/02/2019_20:52:19,NA,NA,NA
03/02/2019_20:52:20,NA,NA,NA
03/02/2019_20:52:21,NA,NA,NA
03/02/2019_20:52:22,NA,NA,NA
03/02/2019_20:52:23,NA,NA,NA
03/02/2019_20:52:24,NA,NA,NA
03/02/2019_20:52:25,NA,NA,NA
03/02/2019_20:52:26,NA,NA,NA
03/02/2019_20:52:27,NA,NA,NA
03/02/2019_20:52:28,NA,NA,NA
03/02/2019_20:52:29,NA,NA,NA
03/02/2019_20:52:30,NA,NA,NA
03/02/2019_20:52:31,NA,NA,NA
03/02/2019_20:52:32,NA,NA,NA
03/02/2019_20:52:33,NA,NA,NA
03/02/2019_20:52:34,NA,NA,NA
03/02/2019_20:52:35,NA,NA,NA
03/02/2019_20:52:36,NA,NA,NA
03/02/2019_20:52:37,NA,NA,NA
03/02/2019_20:52:38,NA,NA,NA
03/02/2019_20:52:39,NA,NA,NA
03/02/2019_20:52:40,NA,NA,NA
03/02/2019_20:52:41,NA,NA,NA
03/02/2019_20:52:42,NA,NA,NA
03/02/2019_20:52:43,NA,NA,NA
03/02/2019_20:52:44,NA,NA,NA
03/02/2019_20:52:45,NA,NA,NA
03/02/2019_20:52:46,NA,NA,NA
03/02/2019_20:52:47,NA,NA,NA
03/02/2019_20:52:48,NA,NA,NA
03/02/2019_20:52:49,NA,NA,NA
03/02/2019_20:52:50,NA,NA,NA
03/02/2019_20:52:51,NA,NA,NA
03/02/2019_20:52:52,NA,NA,NA
03/02/2019_20:52:53,NA,NA,NA
03/02/2019_20:52:54,NA,NA,NA
03/02/2019_20:52:55,NA,NA,NA
03/02/2019_20:52:56,NA,NA,NA
03/02/2019_20:52:57,NA,NA,NA
03/02/2019_20:52:58,NA,NA,NA
